-234.310383 -75.908162 -0.000257695354367371 -0.0001922973055497046
-234.046333 -62.637103 -0.00018653497329701452 -0.00014852212535565457
-233.835316 -49.407111 -0.00012863844977495376 -0.00012543429038447407
-233.675479 -36.208936 -9.028525721532787e-05 -0.0001143059594252982
-233.565442 -23.033765 -5.27761929607351e-05 -0.00010530845745704287
-233.504269 -9.873141 -2.6694055431875086e-05 -9.500119237348947e-05
-233.491448 3.281198 -6.375978149009143e-06 -9.409110402516796e-05
-233.526871 16.437425 2.0398807059507362e-05 -9.647609518903533e-05
-233.610844 29.603745 3.819689763417955e-05 -0.00010987482902669043
-233.744098 42.788515 5.515871030503661e-05 -0.00012545146817677377
-233.927748 56.000332 5.663319988080673e-05 -0.00013637627858642531
-234.163398 69.248209 4.27128924460618e-05 -0.00014992338155028762
-220.932169 -102.226831 -0.00025609812882265715 -0.00021548888094313767
-220.592959 -88.899997 -0.0001855491589815017 -0.00016175063873058448
-220.305919 -75.631725 -0.000142640456342491 -0.00012725088804144136
-220.068556 -62.411921 -0.00011116171119240903 -9.95831962224969e-05
-219.878752 -49.231233 -8.190796122953259e-05 -8.616713027098655e-05
-219.734908 -36.080846 -5.280887399550238e-05 -7.727761364040298e-05
-219.635845 -22.952409 -2.630384789803486e-05 -6.795560919192756e-05
-219.580758 -9.837859 -5.642860507748537e-07 -6.321628474476038e-05
-219.569207 3.270706 2.3620966135950994e-05 -6.415212078327015e-05
-219.601122 16.38107 4.02732619235735e-05 -7.19903105510511e-05
-219.676725 29.501074 5.567203364442719e-05 -8.087858718575092e-05
-219.796627 42.638643 6.578386500777356e-05 -9.229125322152143e-05
-219.961837 55.801997 8.157216802118228e-05 -0.00011313010471480922
-220.173715 68.9997 0.00010522173304750027 -0.00014081033257618003
-220.434098 82.240797 0.00011508821618555487 -0.0001694973749724049
-220.745288 95.534963 0.000110341149568427 -0.00019330972100606303
-221.110127 108.892731 7.070534426745212e-05 -0.00020083317127994604
-207.798019 -128.641959 -0.0002986771241220154 -0.0002697743001114361
-207.390933 -115.221745 -0.00021801562254974982 -0.0001932321218260924
-207.03661 -101.87935 -0.00017725094034748423 -0.00015390781910307183
-206.731738 -88.603294 -0.0001437433714004399 -0.00011910535355097451
-206.47359 -75.383132 -0.00010327018156708334 -8.812922350465158e-05
-206.259901 -62.209298 -6.527591508387331e-05 -5.986717930772656e-05
-206.088935 -49.072871 -3.4335054521328345e-05 -4.772918782292024e-05
-205.959308 -35.96547 -1.0914120472271804e-05 -4.330391891027574e-05
-205.869997 -22.879114 1.0283469907612641e-05 -3.707837950406301e-05
-205.820332 -9.806045 2.7456092072775107e-05 -3.492004245830849e-05
-205.80992 3.261249 4.4524136875168097e-05 -3.5741903600255975e-05
-205.838693 16.330286 5.8245638921761156e-05 -4.461522453613753e-05
-205.906877 29.408565 7.630341858089196e-05 -5.816525174795473e-05
-206.014974 42.503684 8.901329171084882e-05 -7.463634845294997e-05
-206.163823 55.623509 9.944378425519318e-05 -9.716963092198938e-05
-206.354606 68.776197 0.00010322881817881324 -0.00011354597653845389
-206.588871 81.970367 0.00010680725082412579 -0.00014618754271333856
-206.868605 95.215194 0.0001202092898688889 -0.0001756084438029326
-207.196319 108.520711 0.0001345151967759861 -0.00021416191989764854
-207.57504 121.897833 0.00012445271549132997 -0.00024684927139073665
-194.39725 -141.685073 -0.00026417037417214573 -0.00026591028375921866
-193.981325 -128.229901 -0.00020640091184986886 -0.00019472112115348494
-193.615945 -114.861292 -0.00017262027257558543 -0.0001497461121999777
-193.297604 -101.567098 -0.00013058300446289195 -0.00010955974886961428
-193.023419 -88.336421 -8.66039549700659e-05 -7.295921573957642e-05
-192.791048 -75.159345 -5.745688649660963e-05 -4.86788969422669e-05
-192.598569 -62.02676 -3.5297701796110914e-05 -2.817474409066989e-05
-192.444464 -48.930135 -1.689700068929767e-05 -2.109888889756384e-05
-192.327558 -35.861435 3.590010727805293e-06 -1.9904762798450548e-05
-192.246979 -22.812987 2.056213269341356e-05 -1.5327936144782228e-05
-192.202164 -9.777362 3.443462773677908e-05 -1.3630170152489907e-05
-192.192789 3.252715 4.778903607416396e-05 -1.5131192031017648e-05
-192.218775 16.284466 5.925490075942008e-05 -2.3782611428324607e-05
-192.280307 29.325119 6.963689982342203e-05 -3.705841509415997e-05
-192.377817 42.382007 7.707571033677141e-05 -5.3436611055168726e-05
-192.512025 55.46266 9.078965752085111e-05 -7.65711909753719e-05
-192.683951 68.574929 0.00010346686975104546 -0.00010163443782440496
-192.894914 81.727041 0.00011564707930222795 -0.00012851664939228513
-193.146591 94.927756 0.00012232838646752953 -0.000157248232791396
-193.441125 108.18662 0.00011795335373765425 -0.000193976822115971
-193.781136 121.51396 0.00012797282214904726 -0.00023210812267571157
-194.169813 134.92126 0.0001395132696329071 -0.00027552303088818064
-194.610991 148.421341 0.00010947058302512858 -0.000287064717535479
-181.103139 -154.767529 -0.0002512543697275049 -0.0002737649717436952
-180.68174 -141.265936 -0.00020465439320460632 -0.00020727663738906443
-180.308926 -127.860269 -0.0001659716615307616 -0.00015175064434025387
-179.981028 -114.537601 -0.00011924418359665623 -0.00010096482525945305
-179.695034 -101.286397 -8.672310464241662e-05 -6.478750828708968e-05
-179.448493 -88.096296 -5.781277556948794e-05 -3.894054658815094e-05
-179.239358 -74.957829 -3.737645055679195e-05 -1.76565904816961e-05
-179.065987 -61.862258 -1.513013254950124e-05 -1.912627807243439e-06
-178.9271 -48.801428 -7.229757450488705e-07 2.446723160742792e-06
-178.821671 -35.767586 1.2080176605699933e-05 3.322077713585614e-06
-178.749001 -22.753332 2.5058146481349297e-05 5.010762064716623e-06
-178.708572 -9.751484 3.3630480633206616e-05 5.1527965093667305e-06
-178.70011 3.245005 4.355321377946808e-05 1.1395238302680522e-06
-178.723577 16.243101 5.232283230949264e-05 -4.591972732725935e-06
-178.779104 29.249816 5.963451903756578e-05 -2.0550994401125067e-05
-178.867063 42.272245 6.968530806350515e-05 -3.654560015720065e-05
-178.988084 55.317661 7.844729772354953e-05 -5.4834343902410154e-05
-179.142984 68.393611 8.712967718693676e-05 -7.954397696030568e-05
-179.332933 81.508009 9.84752346644413e-05 -0.00010668594461549219
-179.559368 94.669263 0.00010598901141367634 -0.00014546216313826577
-179.824088 107.886481 0.00011637327718805324 -0.00018229238392208913
-180.129363 121.169504 0.00011891531902108454 -0.0002171015126473108
-180.477904 134.529225 0.0001225121818935193 -0.0002513912989430267
-180.873052 147.977814 0.00013891283781308772 -0.000299648878103298
-181.318811 161.529014 0.00011306688423662337 -0.0003290317240924878
-167.896743 -167.904657 -0.00024836588717480623 -0.00029988503831646085
-167.473047 -154.34458 -0.00020449181951587292 -0.0002244664309740685
-167.096173 -140.890639 -0.00015692226613772675 -0.00016160978856927244
-166.762329 -127.528906 -0.00011341328638447834 -0.00010260363028535835
-166.468376 -114.247098 -8.56900923542625e-05 -6.537722034760662e-05
-166.211742 -101.034229 -5.860951694813821e-05 -3.503639888213783e-05
-165.990291 -87.880383 -3.7082477581940054e-05 -1.1969514633225486e-05
-165.802273 -74.776484 -1.934369421796589e-05 5.995174952477811e-06
-165.646289 -61.714133 -9.682805613309142e-06 1.7861759008308553e-05
-165.52125 -48.68546 5.683771354014766e-06 1.8617900499506845e-05
-165.426295 -35.682989 1.5322816555141117e-05 1.5943741149992974e-05
-165.360809 -22.699545 2.0884095944140313e-05 1.7877960276413418e-05
-165.324376 -9.72815 2.7686902376977685e-05 1.8899957761331354e-05
-165.316762 3.238033 3.2368209422983796e-05 1.5858658911641066e-05
-165.337918 16.205786 4.1136363678973e-05 9.458104083259755e-06
-165.387974 29.181909 4.6855695162939526e-05 -5.533089087128573e-06
-165.467256 42.173311 5.482229494457869e-05 -2.0472454994813205e-05
-165.576244 55.187028 6.112321768547702e-05 -3.8091206762125296e-05
-165.71568 68.230374 6.731866204567893e-05 -6.210020552233075e-05
-165.886514 81.310985 7.791675211432647e-05 -9.254470972841489e-05
-166.09 94.436938 8.46809224110956e-05 -0.0001291078550273994
-166.327684 107.616993 9.544482148626798e-05 -0.00016101639199561646
-166.601485 120.860561 0.00010473877706385082 -0.00020166758755824077
-166.913745 134.178023 0.00011031523558902023 -0.000237427122893763
-167.267325 147.580981 0.00010785873513707855 -0.0002796682765993097
-167.665682 161.082466 0.0001227697332275568 -0.00033502318439815326
-168.112984 174.697383 0.00010844205479010327 -0.00036049420753681005
-154.760817 -181.112539 -0.0002474324136345629 -0.00033160169172230525
-154.337884 -167.48099 -0.00020246212409791298 -0.000250785274191756
-153.960219 -153.966919 -0.00015769056998848896 -0.00017757009273644542
-153.62386 -140.555109 -0.00011531735430647672 -0.00011359370998409446
-153.325581 -127.232324 -8.616242983983113e-05 -7.371568834990683e-05
-153.062642 -113.986811 -6.0366288410662605e-05 -3.065552818259931e-05
-152.832861 -100.808067 -4.031816733185423e-05 -1.091410349562949e-05
-152.634381 -87.686557 -2.8338056623056218e-05 5.373324531099399e-06
-152.465719 -74.613555 -1.3741743076778334e-05 2.1826816297476626e-05
-152.32569 -61.580957 -3.1093002483828514e-06 3.215675342138624e-05
-152.213372 -48.581137 1.908764222235959e-07 3.171790011058384e-05
-152.128038 -35.606853 7.344956607369113e-07 2.634027839953923e-05
-152.069159 -22.65112 1.5276803795316596e-06 2.6647413752467486e-05
-152.036405 -9.707146 5.79440574899337e-06 2.7398894546726282e-05
-152.02956 3.231741 1.4884065431708393e-05 2.6218663105342932e-05
-152.0486 16.17217 1.509269050092854e-05 1.6106504130197763e-05
-152.093622 29.120766 1.8429689585985898e-05 6.261170808485872e-06
-152.164898 42.084268 2.918092779768955e-05 -5.035759981897314e-06
-152.262852 55.069526 3.8922851110179124e-05 -2.5717873543662506e-05
-152.388082 68.08365 4.966826559105186e-05 -4.9451321781024404e-05
-152.541407 81.134024 4.9771620126648486e-05 -8.17094176248645e-05
-152.723871 94.22847 5.5967768211040436e-05 -0.00011044890272593477
-152.936799 107.375404 6.513951459563572e-05 -0.00014386201928395792
-153.181843 120.583892 7.768534756014134e-05 -0.00017706242272197414
-153.460998 133.86388 9.083890033245723e-05 -0.00022663687752189077
-153.776729 147.226453 9.028581088355025e-05 -0.0002746394353474457
-154.131995 160.68404 8.830952286942306e-05 -0.0003123427677609314
-154.530405 174.250796 0.00010101552305918915 -0.0003620842643714539
-154.976255 187.943022 8.454140897740103e-05 -0.00038617027684484384
-141.679287 -194.408438 -0.0002671709056540905 -0.0003883029143407768
-141.260232 -180.691244 -0.0002156966908923863 -0.00028390851010140494
-140.885 -167.1042 -0.0001750824905704107 -0.0002003584009688808
-140.549497 -153.630606 -0.00013229777635892503 -0.00013194475908662184
-140.250368 -140.255984 -0.00010473725864379446 -8.224737458117914e-05
-139.984782 -126.967614 -7.670810521620552e-05 -3.964317176485821e-05
-139.750437 -113.75426 -5.896253134274332e-05 -1.0885392195625343e-05
-139.54542 -100.605799 -4.1758998845509154e-05 4.889926922047039e-06
-139.368165 -87.513052 -3.3495737504551926e-05 2.405558404916519e-05
-139.217416 -74.46759 -2.788590769764454e-05 3.1591616490356245e-05
-139.092172 -61.461565 -3.226178947990377e-05 4.0720077783440445e-05
-138.991648 -48.487566 -3.064861347024106e-05 3.644692065041255e-05
-138.915255 -35.538538 -2.402126166867191e-05 3.263720117452351e-05
-138.862528 -22.607661 -2.585509807850883e-05 3.297757430709147e-05
-138.833185 -9.688295 -2.270644136626032e-05 3.229240964874869e-05
-138.827071 3.226088 -2.2787368639143324e-05 3.3951672737828065e-05
-138.844122 16.141985 -2.3117497696567568e-05 2.7130389735674498e-05
-138.884463 29.065885 -1.6255224006833657e-05 1.9067943963335665e-05
-138.948298 42.004365 -1.4923393737653612e-05 8.018960903299899e-06
-139.035986 54.964147 -7.199919064504456e-06 -1.4569797202934609e-05
-139.14805 67.952133 1.4361311251320785e-08 -3.269295901375813e-05
-139.285158 80.975527 1.1685361369195846e-05 -6.82260054207795e-05
-139.448194 94.041925 2.034409378115498e-05 -9.407946837747261e-05
-139.638283 107.159449 2.964351667689158e-05 -0.0001240025497484254
-139.8568 120.336831 3.450473130062193e-05 -0.00016759898731955047
-140.105485 133.583666 3.473869833126031e-05 -0.0002072373141457362
-140.386438 146.910586 4.8103487114481425e-05 -0.0002507300825396186
-140.702206 160.329498 6.330272344712284e-05 -0.0003008414633969281
-141.055873 173.853925 6.206515059670181e-05 -0.00033953224549154726
-141.451161 187.499415 7.430609894676365e-05 -0.0003983194641561383
-141.892525 201.283898 3.302024908258261e-05 -0.0003993328575182531
-128.636844 -207.811366 -0.00028059240154387766 -0.00046952953952761334
-128.224924 -193.992675 -0.000216218172982785 -0.0003259059622608973
-127.855419 -180.318568 -0.0001799495898726633 -0.00024269647722707788
-127.52416 -166.770472 -0.00013518130681333673 -0.00015745418153478852
-127.227648 -153.332392 -0.00010907109009750116 -0.00010351299779198797
-126.962981 -139.990437 -7.948252961931246e-05 -5.1972191690730085e-05
-126.727744 -126.732384 -6.226148753984972e-05 -1.7007674746771784e-05
-126.519968 -113.547393 -4.7200251293233464e-05 3.3012868660975414e-06
-126.338009 -100.425696 -3.520686183122734e-05 1.7619825302794823e-05
-126.180547 -87.358426 -3.808070346789094e-05 2.6269602026118832e-05
-126.046535 -74.337413 -3.917535392794491e-05 3.38679603895109e-05
-125.935132 -61.355024 -3.802541890163269e-05 4.29322229393847e-05
-125.845692 -48.404038 -3.6792348348413384e-05 4.075396419978006e-05
-125.777697 -35.47754 -3.6447334719191815e-05 3.387479595584608e-05
-125.730764 -22.56885 -3.941271834140281e-05 3.5403816933898824e-05
-125.704643 -9.671464 -4.0975173284607536e-05 3.5721859746540296e-05
-125.699197 3.221038 -4.284640944707263e-05 3.7317342329021286e-05
-125.714389 16.115019 -3.9824890102124755e-05 3.63421548569276e-05
-125.750297 29.016861 -3.7385328945482854e-05 2.8080992066747967e-05
-125.807127 41.933022 -4.1072160212429765e-05 1.2677584559250832e-05
-125.885177 54.870081 -3.395830721597548e-05 -1.6888635303580202e-06
-125.984887 67.834798 -3.385498651997665e-05 -2.143837322732267e-05
-126.10682 80.834216 -2.645408556922746e-05 -4.5997366112882077e-05
-126.251719 93.875729 -7.5714105483015715e-06 -7.565572902690221e-05
-126.420519 106.967224 -6.39600960194997e-06 -0.00011698575982865833
-126.614378 120.117155 1.3588365268546454e-06 -0.00015061057510212805
-126.834776 133.334787 4.275314352319981e-06 -0.00019257689768892305
-127.083499 146.63035 1.4390802768105004e-05 -0.00023262213968688883
-127.362735 160.0153 2.8028069134045097e-05 -0.00027883696122010804
-127.675108 173.502659 3.306749768849926e-05 -0.0003318430203291811
-128.023823 187.107285 3.782004477681511e-05 -0.0003756805929082674
-128.412734 200.846395 4.048356310271117e-05 -0.00043300677277979815
-115.217225 -207.404484 -0.00022014140296544582 -0.00039209375965221227
-114.85697 -193.627497 -0.00018533083880978296 -0.0002922195956376328
-114.533454 -179.99085 -0.0001408550457631108 -0.0001951843212655291
-114.243101 -166.476672 -0.00011223326837850323 -0.00012691148680410436
-113.98293 -153.06958 -8.492064805132316e-05 -6.89216420424188e-05
-113.750452 -139.756169 -6.471827479259673e-05 -3.3593894633199284e-05
-113.543622 -126.524643 -5.0559583330667124e-05 -7.6117232694628e-07
-113.360739 -113.364509 -3.87593365136496e-05 1.5613709442696688e-05
-113.200439 -100.266328 -3.9800493502717416e-05 2.0545531693727526e-05
-113.061623 -87.221501 -3.760246772710474e-05 2.9835744661088626e-05
-112.943418 -74.222081 -3.778021040812263e-05 3.784459326405809e-05
-112.845126 -61.260604 -3.864336286873993e-05 4.4547635669633934e-05
-112.76619 -48.329993 -3.99261850381194e-05 4.2062108239759866e-05
-112.706174 -35.423451 -4.443825364575105e-05 3.452955667349045e-05
-112.664748 -22.534438 -4.927316519598435e-05 3.3688235631212926e-05
-112.641698 -9.656544 -5.260369324311398e-05 3.8936582967386e-05
-112.636898 3.216554 -5.478785889057036e-05 3.950377510075764e-05
-112.650306 16.09111 -5.428370382620784e-05 4.2771827601928436e-05
-112.682 28.973403 -5.8008085273897336e-05 2.9498934612570693e-05
-112.732148 41.869771 -5.7182714105152854e-05 1.87667798072777e-05
-112.801037 54.786682 -5.5313625670017075e-05 8.266352489627593e-06
-112.889039 67.730803 -5.266235793577323e-05 -1.2649275344944755e-05
-112.996631 80.709038 -4.8471126902427386e-05 -3.245504920501574e-05
-113.124421 93.728604 -5.010775237668241e-05 -6.195293156929793e-05
-113.273197 106.797206 -3.681650132758563e-05 -9.854718754009895e-05
-113.443921 119.923037 -2.7259689389325104e-05 -0.0001386626837600602
-113.637819 133.115075 -1.8761319505955498e-05 -0.0001750378035350053
-113.856408 146.383232 -1.3593190698379942e-05 -0.0002192144469228552
-114.101563 159.738572 -1.21361829235056e-05 -0.00026257187997114073
-114.375505 173.193635 -5.428008433838727e-07 -0.00031360488496900985
-114.680977 186.762713 7.103347163806006e-06 -0.0003594910760433834
-115.021251 200.462367 1.6095336142107897e-05 -0.00041450751537652764
-115.400311 214.311889 9.627244327070628e-06 -0.0004457795314554147
-102.222514 -220.94833 -0.0002337078213980881 -0.0004963413632488312
-101.875295 -207.05043 -0.0001824667170624572 -0.0003530458206606468
-101.563294 -193.309423 -0.0001495193050100596 -0.0002547855220349504
-101.28282 -179.705093 -0.00011578953243684964 -0.0001610950584804982
-101.030844 -166.220232 -8.64619769469499e-05 -0.00010268504932042788
-100.804837 -152.839953 -6.711974961648437e-05 -5.0243922564696675e-05
-100.602689 -139.55127 -5.358441839087291e-05 -1.743038249735207e-05
-100.422661 -126.342762 -4.326834030043969e-05 8.672969066481073e-06
-100.263329 -113.204246 -4.114602156057856e-05 2.153003163574141e-05
-100.123581 -100.126577 -3.6065628836734476e-05 2.5068864001998037e-05
-100.002498 -87.101371 -3.388791985337036e-05 3.087592611450418e-05
-99.899356 -74.120856 -3.612066072733455e-05 3.732188035021622e-05
-99.813591 -61.177721 -4.0442371134208344e-05 4.4283876102113595e-05
-99.744705 -48.264991 -4.285745024867893e-05 4.2348866604813296e-05
-99.69235 -35.375983 -4.669761387265936e-05 3.68470499758633e-05
-99.656228 -22.504247 -4.8369396070224724e-05 3.4158989849264465e-05
-99.636124 -9.643446 -5.1941730090376836e-05 3.975897344998813e-05
-99.631934 3.212622 -5.51242595778767e-05 4.2135913382965184e-05
-99.643617 16.070131 -6.032678054967988e-05 4.152485582997745e-05
-99.671254 28.935264 -6.38307022318152e-05 3.091158709067621e-05
-99.715007 41.814248 -6.536519490696335e-05 2.39941473951788e-05
-99.775112 54.713476 -6.797621677767651e-05 1.253890305941141e-05
-99.851905 67.63952 -6.789252669303636e-05 -7.456121771554081e-06
-99.945785 80.599173 -6.766953202275161e-05 -2.8863530025180495e-05
-100.057296 93.599538 -6.566656965878437e-05 -5.425774418243989e-05
-100.187053 106.648139 -6.655024760604533e-05 -8.255351400965338e-05
-100.335856 119.752991 -5.536185583387976e-05 -0.00012133616360365806
-100.504715 132.922812 -5.137509960340125e-05 -0.000164044776623129
-100.694896 146.167202 -4.101101423792386e-05 -0.0002015303925633205
-100.907976 159.496887 -3.14217340195988e-05 -0.000248982306767509
-101.145837 172.924027 -2.4582708802789455e-05 -0.00029413083670348783
-101.410794 186.462437 -1.337665926426368e-05 -0.0003477499655399896
-101.705634 200.128086 -1.6890292434901255e-05 -0.0003886533003809589
-102.033731 213.939599 4.881913788779002e-07 -0.0004574372064176657
-88.895948 -220.60945 -0.00018493046888634623 -0.00043281475161194294
-88.599565 -206.745899 -0.00015544244350795822 -0.0003219606678488418
-88.333002 -193.035553 -0.00011561778990865079 -0.00021321960275333396
-88.093155 -179.458831 -9.23610911249817e-05 -0.000140274803407614
-87.877479 -165.999018 -7.236226382234534e-05 -7.870417581479217e-05
-87.683847 -152.641664 -5.917214917827707e-05 -3.612821432241731e-05
-87.5105 -139.37417 -4.51170630491049e-05 2.932700065017002e-07
-87.355993 -126.185417 -3.5921427605334344e-05 1.266652800246959e-05
-87.219148 -113.065509 -3.678266186568635e-05 2.8005743621051238e-05
-87.099056 -100.005531 -3.348438079564531e-05 2.6087646810779574e-05
-86.994975 -86.99729 -3.3208069727841405e-05 2.9372927890847222e-05
-86.906319 -74.033153 -3.3545298094850295e-05 3.812004119918555e-05
-86.832592 -61.105915 -3.431477586168796e-05 4.131331464707344e-05
-86.773415 -48.208695 -4.253861166070294e-05 4.022925725255533e-05
-86.728456 -35.334893 -4.032081657223685e-05 3.6313071211768744e-05
-86.697446 -22.478111 -3.880031336978007e-05 3.6078047746301856e-05
-86.680189 -9.632114 -4.0984775183883215e-05 3.912411145223782e-05
-86.676574 3.20923 -4.4201938025345555e-05 3.7820015517206484e-05
-86.686597 16.051989 -5.769699630064906e-05 2.8217166154864692e-05
-86.710321 28.902241 -6.159507640735029e-05 2.7429525808919664e-05
-86.747889 41.766166 -6.71047906144473e-05 2.4269890788186643e-05
-86.799512 54.650067 -7.229968338773318e-05 1.4750274752284298e-05
-86.8655 67.56043 -7.711709726443416e-05 -4.493230204349885e-06
-86.94621 80.50397 -8.738845986311361e-05 -2.6484635832435544e-05
-87.042074 93.487708 -8.71263026236413e-05 -4.929542497711381e-05
-87.153605 106.519039 -8.08334559820878e-05 -7.330608725375498e-05
-87.281464 119.60582 -7.682939655717647e-05 -0.00010428512121496425
-87.426462 132.756541 -6.404312309982174e-05 -0.00014789513825075318
-87.589634 145.980554 -5.889467471709153e-05 -0.0001888697139946771
-87.772273 159.288297 -4.9992199443238405e-05 -0.00023285632711989024
-87.975976 172.691546 -4.2122081834516933e-05 -0.00027813843109392167
-88.20266 186.203775 -3.4560079513745734e-05 -0.0003313689239616835
-88.454689 199.840412 -2.926300152639172e-05 -0.0003785440771242321
-88.734841 213.619561 -2.106103619681221e-05 -0.00043918518125085626
-89.046542 227.562391 -3.025538140022377e-05 -0.00046124462077834494
-75.903837 -234.330041 -0.00020309321952804993 -0.0005801376995275831
-75.627798 -220.322826 -0.00015118281408632583 -0.000399009871713929
-75.379601 -206.488137 -0.00012370491863888944 -0.00029156525873919037
-75.156182 -192.80354 -9.244855643908423e-05 -0.0001920896119127491
-74.954986 -179.250017 -7.456831702690181e-05 -0.00011953984258639139
-74.773927 -165.811285 -5.9570716328227746e-05 -6.035601875531427e-05
-74.611235 -152.473246 -4.640235593367237e-05 -2.444246701305275e-05
-74.465469 -139.223613 -4.1731096770636356e-05 4.900251340700379e-06
-74.335452 -126.05156 -3.796342877437908e-05 1.392672266398165e-05
-74.220236 -112.94742 -3.1732251116523e-05 2.762997818717139e-05
-74.119089 -99.902465 -2.9479288395251046e-05 3.114904109224881e-05
-74.031427 -86.908668 -3.2432877630661494e-05 3.3901979678230276e-05
-73.956758 -73.958485 -3.364651099690974e-05 3.400766377836817e-05
-73.89472 -61.044823 -3.293245269642142e-05 4.3343969761355794e-05
-73.844936 -48.160822 -3.0274849979416985e-05 4.263466132670146e-05
-73.807124 -35.299954 -3.0098035702863513e-05 3.737987520380237e-05
-73.781059 -22.455897 -3.511541282685826e-05 3.248876122119437e-05
-73.766545 -9.622469 -4.51382433817038e-05 3.043208877867576e-05
-73.763519 3.206347 -5.030276001827261e-05 3.591247956513666e-05
-73.771936 16.036572 -5.4960951680449455e-05 2.7050716559839927e-05
-73.79185 28.874185 -5.800086433049856e-05 2.4330906417624476e-05
-73.823418 41.725285 -6.418449968359496e-05 2.0094677652515713e-05
-73.866831 54.596124 -7.907003747975594e-05 2.8135149974239937e-06
-73.922374 67.493105 -9.03697655538771e-05 -6.729203766209224e-06
-73.990332 80.422913 -9.161098979193483e-05 -1.980526718003972e-05
-74.071067 93.392484 -8.681216956407667e-05 -3.877334368374008e-05
-74.165018 106.409126 -8.720100690728927e-05 -6.570530997063173e-05
-74.2727 119.480561 -8.123776162838325e-05 -9.126661624758725e-05
-74.394769 132.615129 -7.158393023409815e-05 -0.00012825905262481285
-74.532041 145.821944 -6.045248668540282e-05 -0.00017486206348138467
-74.68558 159.111182 -5.437469335367595e-05 -0.00021731655635903735
-74.856672 172.494337 -4.6257847643449423e-05 -0.00026657892962766994
-75.046918 185.98451 -4.282462869076298e-05 -0.00031290791170590637
-75.258238 199.59682 -3.601408223685709e-05 -0.0003724007607361912
-75.492946 213.348799 -3.6236273593726054e-05 -0.0004180931554644829
-75.75387 227.261087 -3.4481714906053895e-05 -0.0004778751140612769
-62.632699 -234.066489 -0.00016425344680470744 -0.0005128375678236097
-62.407995 -220.085929 -0.0001289572773224279 -0.0003723855551474031
-62.205818 -206.274903 -9.836315770517245e-05 -0.0002610813458847616
-62.023707 -192.61146 -8.079070134270339e-05 -0.00017346214693425566
-61.859582 -179.077013 -6.058312408141475e-05 -0.00010269854617561691
-61.711787 -165.655624 -4.89554171285711e-05 -5.3539937457713904e-05
-61.578894 -152.333499 -4.1928520511103073e-05 -1.2182057690601766e-05
-61.459744 -139.098613 -3.598648671943039e-05 5.525190596600282e-06
-61.353399 -125.94035 -3.457830569830733e-05 2.294639268640708e-05
-61.259137 -112.84928 -2.6244836639044422e-05 3.115529059183331e-05
-61.176375 -99.816811 -2.4324404982678516e-05 3.074386797363715e-05
-61.104648 -86.835017 -2.6461603801486433e-05 2.9358480914343232e-05
-61.043592 -73.896477 -2.3920031080315596e-05 3.667569913634594e-05
-60.992868 -60.994095 -2.4537278839442678e-05 4.6959142738334236e-05
-60.952205 -48.1211 -2.2544914661803972e-05 4.3358276653693295e-05
-60.921339 -35.270991 -2.604512335935283e-05 3.113083646066883e-05
-60.900069 -22.437481 -3.936051801112228e-05 2.7054763255152103e-05
-60.888243 -9.614486 -4.0576197105401945e-05 2.8023577589297854e-05
-60.885751 3.203978 -4.788841320291226e-05 3.0042442251007606e-05
-60.892599 16.023811 -5.2900118487020364e-05 2.8822786223292596e-05
-60.908834 28.850937 -5.6797174296630004e-05 2.6790711448176907e-05
-60.934592 41.691393 -6.755148868764493e-05 1.1911493650096361e-05
-60.970051 54.55135 -7.484889524711491e-05 -7.631034009136783e-07
-61.015421 67.437205 -8.252807829034481e-05 -9.311428894154261e-06
-61.070983 80.355566 -8.94212348239165e-05 -1.888776954883653e-05
-61.137037 93.313334 -8.674216432824622e-05 -3.116734052976966e-05
-61.213923 106.317755 -8.110908722658294e-05 -5.402648897323559e-05
-61.302048 119.37646 -7.595211342970032e-05 -8.191841390203791e-05
-61.401915 132.497652 -7.230161486893039e-05 -0.00011264896778762079
-61.514174 145.690272 -6.383352737859838e-05 -0.00016021711788560822
-61.639658 158.964251 -5.682244834614991e-05 -0.0002056585721987858
-61.779378 172.330865 -5.0981903866986755e-05 -0.00025409185364644316
-61.934626 185.802936 -4.7394882948470496e-05 -0.0003019755844979599
-62.106948 199.395235 -4.1452454686119466e-05 -0.00036221148140125337
-62.29821 213.124913 -4.217832500463814e-05 -0.0004074596035197331
-62.51068 227.01211 -3.747373154139311e-05 -0.00047888938567020034
-49.402489 -233.85602 -0.00012812657270377947 -0.0004734272740876122
-49.227159 -219.896669 -0.00010659708636095999 -0.000349673904130654
-49.069314 -206.104447 -7.451688054782579e-05 -0.00023853513082361388
-48.927052 -192.457826 -6.0465766475559235e-05 -0.00015916664222892507
-48.798775 -178.938539 -4.7728825443460465e-05 -8.936823491900725e-05
-48.683182 -165.530949 -4.1218494984729404e-05 -4.254453607632769e-05
-48.57919 -152.221505 -3.3048010176228715e-05 -5.8328681733499366e-06
-48.485905 -138.998371 -3.049396218446354e-05 7.68556616925764e-06
-48.402614 -125.851144 -2.645669114675897e-05 2.948015668735593e-05
-48.328764 -112.770537 -2.1770193722625564e-05 3.2680579734822857e-05
-48.263922 -99.748082 -2.373227467478145e-05 3.247083408774998e-05
-48.207746 -86.77595 -1.9543976403690877e-05 3.60338597196197e-05
-48.159951 -73.846765 -1.5199746479677145e-05 4.166123970428259e-05
-48.120273 -60.953462 -1.4214305388060566e-05 4.486296026851022e-05
-48.088486 -48.089311 -2.1205130658952243e-05 3.548577345524606e-05
-48.064373 -35.247813 -2.520173481723731e-05 2.7904160924130395e-05
-48.04775 -22.422747 -2.083317074852431e-05 2.5999946888344283e-05
-48.038508 -9.608089 -2.0422250619933635e-05 2.739829239623015e-05
-48.036562 3.202091 -2.4818163457451803e-05 2.5558496292862887e-05
-48.041904 16.01362 -3.628801468136267e-05 2.1876561630329583e-05
-48.054565 28.832361 -5.59872070442502e-05 1.02371144123925e-05
-48.074669 41.664278 -6.692398364882557e-05 7.88281233199406e-06
-48.102365 54.515507 -7.147894474646144e-05 -2.74609814354676e-06
-48.137853 67.392402 -7.181202630879291e-05 -1.2113807227986939e-05
-48.181344 80.301557 -7.438767438583405e-05 -1.6556897295405548e-05
-48.233071 93.249839 -7.63493355082634e-05 -2.52668556606217e-05
-48.293299 106.24444 -7.457366110097396e-05 -4.604218091053269e-05
-48.362344 119.292933 -7.146080365605378e-05 -7.309609659067462e-05
-48.44059 132.403414 -6.847054957148657e-05 -0.000104915483196244
-48.528522 145.584686 -6.349859343490749e-05 -0.00014559849523188007
-48.626759 158.846528 -5.8473110128520744e-05 -0.0001979262564395512
-48.736075 172.199978 -5.447471859443276e-05 -0.00024144174514351135
-48.857473 185.657633 -5.004105089323474e-05 -0.0002931975918656349
-48.992139 199.234018 -4.6569316228817215e-05 -0.00034990512250843153
-49.141532 212.94596 -4.489451865530292e-05 -0.00040366217743503796
-49.30736 226.813253 -4.473487176048785e-05 -0.0004701392289572226
-49.491742 240.859268 -5.8659987662634805e-05 -0.00047594778512305425
-36.203956 -233.696823 -9.192903720345313e-05 -0.0004485735693542381
-36.076492 -219.753432 -7.700462898241334e-05 -0.00033418986908628767
-35.961696 -205.97538 -6.43097884225341e-05 -0.00021918999114056703
-35.858185 -192.341439 -4.803263989439088e-05 -0.00015044428531574283
-35.764821 -178.833582 -3.841690101280548e-05 -7.974691869350181e-05
-35.68065 -165.436409 -2.717123675943789e-05 -3.711989923171899e-05
-35.604889 -152.136535 -2.3201412544748834e-05 -5.713845912858062e-06
-35.536903 -138.922287 -2.3578132753776515e-05 1.0850497940140258e-05
-35.47619 -125.783421 -2.03229607040889e-05 2.7694934062516552e-05
-35.422339 -112.71075 -2.0844342461412424e-05 3.960914602441079e-05
-35.375064 -99.695913 -1.2974260823694905e-05 3.26576806961576e-05
-35.334136 -86.731144 -1.1754456850310291e-05 3.8505045158565565e-05
-35.29932 -73.809069 -7.430602264602015e-06 4.347871570287154e-05
-35.270442 -60.922679 -7.959180687411305e-06 4.2244708752914306e-05
-35.247311 -48.065226 -1.000613928026084e-05 3.544987471948424e-05
-35.229764 -35.230261 -5.015487843706978e-06 3.610429641942581e-05
-35.217687 -22.411601 -1.4647625550701093e-05 2.318041064341969e-05
-35.210956 -9.60324 -2.0347747231586055e-05 2.141780007014482e-05
-35.209538 3.200674 -2.9269189844693955e-05 1.9139540057652726e-05
-35.213398 16.005928 -3.5159294746511804e-05 1.3097244812021458e-05
-35.222597 28.818315 -4.2082691805944705e-05 -6.832376486798353e-08
-35.237202 41.643758 -4.946872526079282e-05 -2.800363850141707e-06
-35.257348 54.48836 -5.974735634217687e-05 -6.816497535311328e-07
-35.283171 67.35844 -5.742558020171984e-05 -1.0121578966071354e-05
-35.314842 80.260584 -5.932605859548801e-05 -1.7650411256120435e-05
-35.352532 93.201649 -6.305239514725614e-05 -2.3154501687994156e-05
-35.396441 106.188775 -6.446775634016966e-05 -4.0316162527531674e-05
-35.446786 119.229507 -6.294970956588486e-05 -6.786025545046925e-05
-35.503849 132.331862 -6.2190168984122e-05 -9.967259893883806e-05
-35.567955 145.504551 -6.15202116698299e-05 -0.0001361252243281541
-35.639552 158.757217 -5.702198716939222e-05 -0.00018946939193753565
-35.719193 172.100727 -5.547564676944283e-05 -0.0002327001540560758
-35.807596 185.547509 -5.1500883481825355e-05 -0.0002868322622777697
-35.905618 199.111895 -5.1190472355244765e-05 -0.0003394726256660263
-36.014304 212.810494 -5.0896743003514544e-05 -0.00040082772646599096
-36.134897 226.662793 -5.122564116710748e-05 -0.00046148998249329054
-36.268913 240.691873 -5.85740855403305e-05 -0.0004959846854166727
-23.028284 -233.587499 -6.975906123196651e-05 -0.0004328465436920226
-22.947624 -219.655046 -5.4531173512284425e-05 -0.0003245462322372106
-22.874964 -205.886694 -4.5526442469689954e-05 -0.00021023779610462867
-22.809434 -192.261436 -3.6263964313110186e-05 -0.00013217126693199077
-22.750312 -178.761427 -3.0051252104201787e-05 -7.74352160162195e-05
-22.696998 -165.371392 -2.1092851129500545e-05 -3.469180850945719e-05
-22.649002 -152.078071 -1.9598446448831908e-05 -7.187961148069633e-06
-22.60592 -138.86993 -1.6603668634429525e-05 1.4319974990684159e-05
-22.567435 -125.736809 -1.0594236473537855e-05 2.9784178713576637e-05
-22.533309 -112.669602 -1.5214390654438859e-05 3.538251813584026e-05
-22.503357 -99.660023 -8.868669289063824e-06 3.42808141344797e-05
-22.477422 -86.700322 -3.6286727475021152e-06 4.295028017153868e-05
-22.455369 -73.783157 6.285654963189558e-07 4.6690196171095266e-05
-22.437072 -60.901519 -1.357287154446496e-06 3.377229660816994e-05
-22.422432 -48.048681 -5.005764943222246e-06 3.7868908649096866e-05
-22.41134 -35.218221 -2.8906985566345966e-06 2.8075972940300176e-05
-22.403688 -22.403945 -6.1396443103989284e-06 1.8090535788384265e-05
-22.399412 -9.5999 -7.189220245118477e-06 1.6853835474284207e-05
-22.398494 3.199718 -1.723167769229761e-05 8.490953958620318e-06
-22.400941 16.000658 -2.7053318839120877e-05 -1.6424724962327275e-06
-22.406752 28.808682 -3.432630778510415e-05 3.0926058491864694e-07
-22.415992 41.629675 -3.727965808941747e-05 -1.098017226253134e-05
-22.428734 54.46971 -4.20555372209197e-05 -4.049300493580432e-06
-22.445076 67.3351 -4.465977423329104e-05 -5.877387806663137e-06
-22.465128 80.232407 -4.580614004257022e-05 -1.8580242057364416e-05
-22.489009 93.168477 -5.12668542836936e-05 -2.3577956982379078e-05
-22.516843 106.150451 -5.4148911067919414e-05 -3.796716027082425e-05
-22.548766 119.18583 -5.538716802766519e-05 -6.386817821457669e-05
-22.584947 132.282597 -5.700326262170208e-05 -9.602005552267201e-05
-22.625593 145.449388 -5.913862915374324e-05 -0.00013020681814346347
-22.67098 158.695748 -5.6522528050662046e-05 -0.00018211670055201523
-22.721459 172.032441 -5.5732358829496675e-05 -0.00022643098416441632
-22.777458 185.471787 -5.447028809058008e-05 -0.00028103086371444874
-22.839554 199.027947 -5.539957181110999e-05 -0.00033195954409492856
-22.908367 212.717416 -5.535562745262457e-05 -0.0003978146037022512
-22.984706 226.559454 -5.813146200028818e-05 -0.0004539080697743003
-23.069528 240.576917 -6.332711669032598e-05 -0.0005061094849594383
-9.867006 -233.527119 -4.4853015371215665e-05 -0.00042099288890895536
-9.832482 -219.600697 -3.58630016524808e-05 -0.0003175360386293846
-9.80139 -205.837702 -2.818009994776105e-05 -0.000209808420745361
-9.773351 -192.217245 -2.6733906037079702e-05 -0.00013356216270121735
-9.748057 -178.721569 -2.4663691422677214e-05 -6.943596086639303e-05
-9.725258 -165.33547 -1.1888305164964308e-05 -2.7459954679009968e-05
-9.704732 -152.045772 -8.295204210473361e-06 -8.588707849810362e-06
-9.686305 -138.840994 -9.335610976768383e-06 1.4455272420832443e-05
-9.669851 -125.711051 -7.112136033771144e-06 2.775072040606119e-05
-9.655257 -112.646868 -4.210295312556678e-06 3.226300229997037e-05
-9.642446 -99.640193 -1.2502797529512222e-06 4.0440076943148995e-05
-9.631358 -86.683298 4.864355599376591e-06 4.900174222743914e-05
-9.621915 -73.768842 5.039920316640689e-07 4.415903524268572e-05
-9.614104 -60.889844 3.558206312037626e-06 3.584407359058517e-05
-9.607839 -48.039558 4.912160364578533e-06 3.877049664935406e-05
-9.603082 -35.21157 5.43015428244864e-06 2.2340140970911193e-05
-9.599802 -22.399705 6.581881428213698e-06 1.767470301383689e-05
-9.597967 -9.598051 1.7645236207175508e-06 6.5700775699895075e-06
-9.597583 3.199185 -4.7456647891408466e-06 4.560270393902388e-06
-9.598608 15.997761 -1.4876840519373324e-05 -1.0791799387677159e-05
-9.601075 28.803377 -2.151548122092395e-05 -6.6750760792100294e-06
-9.605011 41.62191 -2.3631020788561496e-05 -9.163551871527176e-06
-9.610453 54.459422 -2.7669496707682928e-05 -8.386958367356812e-06
-9.617434 67.322212 -3.270551849077208e-05 -5.457996652857844e-06
-9.62601 80.216841 -3.544125896437489e-05 -1.9539108707888886e-05
-9.636231 93.150143 -4.0241658329609464e-05 -2.7406192826262554e-05
-9.648143 106.129256 -4.49630165132997e-05 -3.839901749458363e-05
-9.66181 119.161679 -4.908335562897603e-05 -6.364645343470698e-05
-9.67731 132.255351 -5.142708800126572e-05 -9.547390591269078e-05
-9.694719 145.418881 -5.3811718596530334e-05 -0.0001285099470029749
-9.714165 158.661761 -5.556651596988482e-05 -0.00017732523377489429
-9.73579 171.994694 -5.659833656579405e-05 -0.00022391123440979044
-9.759791 185.429918 -5.8031622168219776e-05 -0.0002769511098863475
-9.786384 198.981553 -5.976566566384678e-05 -0.00032800258174958685
-9.815862 212.665971 -6.176111835476394e-05 -0.0003950268552337377
-9.848564 226.502346 -6.574573843737275e-05 -0.0004489647468819413
-9.884896 240.5134 -7.146364065524491e-05 -0.0005106060691044689
3.288149 -233.515168 -2.465729379863557e-05 -0.000417156629563209
3.276814 -219.589954 -1.9967624344252588e-05 -0.0003101910530034502
3.266586 -205.828039 -1.1440023109196562e-05 -0.0002099164692515032
3.257336 -192.208539 -9.909251135503672e-06 -0.00013386936131354332
3.248978 -178.713732 -9.380590774960007e-06 -7.186713186246863e-05
3.241416 -165.328422 -1.0393897810143105e-05 -2.5218703384233265e-05
3.234597 -152.03944 -9.534902781466181e-06 -7.186293609962036e-06
3.228471 -138.835331 -1.3792646531007868e-06 1.382128461990817e-05
3.222992 -125.706005 -1.0208410440304405e-06 3.3098851396573536e-05
3.218132 -112.642423 4.089033266763131e-06 3.588267047405225e-05
3.213868 -99.636316 7.253508250745777e-06 3.956185749265373e-05
3.210188 -86.679959 2.0931401168017283e-06 4.442564997342302e-05
3.207059 -73.76604 5.9011225341382145e-06 4.155714443943026e-05
3.204482 -60.887547 1.1165004713389881e-05 3.816279346802176e-05
3.202422 -48.037768 1.3126879627942123e-05 3.646533775292227e-05
3.200861 -35.210262 1.724450793726129e-05 1.7244127583637692e-05
3.199795 -22.398866 8.417810489561028e-06 1.2630251883916088e-05
3.199196 -9.597692 5.978491137773045e-06 2.109356049162514e-06
3.199085 3.199097 -7.696110525118316e-07 -4.313228441660266e-06
3.199463 15.997224 -4.671411459211683e-06 -1.1817581109574427e-05
3.20031 28.802354 -1.0364063183637695e-05 -1.0852314522580286e-05
3.201634 41.620395 -1.3764485361222878e-05 -1.0125670430571887e-05
3.203446 54.457407 -1.6254429994089215e-05 -1.0951394137315162e-05
3.205763 67.319685 -2.0210054577807224e-05 -8.19078548675023e-06
3.208604 80.213783 -2.6286586724974526e-05 -2.2102619516850552e-05
3.211982 93.146533 -3.1421392537020476e-05 -3.0015130226601627e-05
3.215915 106.125083 -3.6200516825748985e-05 -4.0854214969243685e-05
3.220418 119.156914 -4.2398432596388314e-05 -6.503827031156817e-05
3.225522 132.249974 -4.6881053347686e-05 -9.639130168803689e-05
3.231251 145.412855 -5.108351554583557e-05 -0.0001287634065834098
3.237634 158.655039 -5.574042076543495e-05 -0.00017595264742986672
3.24472 171.987219 -5.816078318178486e-05 -0.0002219202607687265
3.252587 185.421627 -6.147558512055451e-05 -0.0002751822739366361
3.261292 198.972357 -6.393585858342765e-05 -0.0003268293273306355
3.270932 212.655766 -6.88859166733391e-05 -0.0003931289444532027
3.281604 226.491007 -7.4304695348415e-05 -0.000447725980443181
3.293443 240.500782 -8.030992811124127e-05 -0.0005116780120815179
16.445341 -233.551531 -1.6452643398778832e-06 -0.00041877929147204895
16.388073 -219.622729 7.758008124802984e-07 -0.0003107756946043594
16.336446 -205.857615 2.2127908970714927e-06 -0.0002069460891238606
16.289852 -192.235261 2.314057678920456e-06 -0.00013519020700236695
16.247776 -178.737865 -1.7599253787636826e-07 -7.470592188774106e-05
16.209818 -165.350194 -5.497537799104002e-06 -3.052718719498415e-05
16.17562 -152.059041 -5.12987137690768e-06 -1.272069455993119e-06
16.144901 -138.852901 4.257043028199625e-06 1.4549216484027738e-05
16.117458 -125.721652 5.843223006118947e-06 3.23948856308931e-05
16.093122 -112.656237 7.42166425837798e-06 3.636402969853236e-05
16.071769 -99.648355 5.238478768432309e-06 3.7111742519968516e-05
16.053291 -86.690285 8.36091990230603e-06 4.959989878594584e-05
16.037585 -73.774718 1.4348333816749381e-05 4.409730460652739e-05
16.024571 -60.894616 1.6597215723779257e-05 4.0822115537242354e-05
16.014164 -48.04329 2.249874861437462e-05 3.819020535078543e-05
16.006292 -35.214275 1.791026256448003e-05 1.5556005771300008e-05
16.000873 -22.401416 1.5523741527356805e-05 5.898639290458085e-06
15.99786 -9.598782 1.0971021062400332e-05 1.5076493045107497e-06
15.997253 3.199453 5.28498809559963e-06 -1.1051735818792818e-05
15.999015 15.999005 2.6131163464171436e-06 -1.576711869510916e-05
16.003167 28.805592 8.765940179289444e-07 -1.2350386605852748e-05
16.009755 41.625118 -5.612556128520296e-06 -1.4301952663942075e-05
16.018834 54.463654 -8.056427264091504e-06 -1.2683225194098924e-05
16.030474 67.327497 -1.2970996216443709e-05 -1.3416647806518966e-05
16.044744 80.22321 -1.9119421518443147e-05 -2.6933007820417743e-05
16.061738 93.15763 -2.435820125135102e-05 -3.333583112796745e-05
16.081542 106.1379 -3.0104648345297136e-05 -4.457639942501146e-05
16.104253 119.171516 -3.696469140113123e-05 -6.868420433825406e-05
16.129979 132.266437 -4.307238012857262e-05 -9.86180009698856e-05
16.158866 145.431271 -4.772094645288938e-05 -0.00013088404069971915
16.191119 158.675544 -5.530653071750269e-05 -0.00017895154102465227
16.226968 172.009981 -6.075808488592571e-05 -0.00022297544192717567
16.266736 185.446849 -6.461294069715073e-05 -0.0002762158248623692
16.310798 199.000293 -6.982558137968997e-05 -0.0003263181080912503
16.359615 212.68671 -7.524556984495057e-05 -0.00039457767297523816
16.413745 226.525332 -8.146702167133313e-05 -0.0004511948641763297
16.473883 240.538953 -8.971053450135269e-05 -0.0005108164983216312
29.612798 -233.636539 2.619007546855734e-05 -0.0004250596409978158
29.509122 -219.699267 2.359337557789054e-05 -0.00031972396237023304
29.41571 -205.926661 1.2846920106612814e-05 -0.0002113127882248378
29.331435 -192.297592 1.5754950903668075e-05 -0.00014350266016371904
29.255356 -178.794124 8.632461399038505e-06 -7.90999359541189e-05
29.186742 -165.400925 9.281921141690574e-06 -3.579416595123064e-05
29.124955 -152.104671 3.8011927734338258e-06 -6.753197123288146e-06
29.069489 -138.893786 1.3315377922484828e-06 1.5714111960107857e-05
29.019932 -125.758063 1.2834342818512923e-05 3.146147734511828e-05
28.975997 -112.688373 1.069745886672635e-05 4.03828858424049e-05
28.93743 -99.676387 1.527875497786546e-05 3.498538891877345e-05
28.904027 -86.714358 1.567676367830728e-05 4.4707957719491986e-05
28.875635 -73.794939 1.903858327101382e-05 4.9570990901859346e-05
28.852092 -60.911119 2.64475694411459e-05 4.185764566067007e-05
28.833261 -48.05617 1.7311476988801644e-05 3.5234633047220854e-05
28.818999 -35.223645 1.6862215261648217e-05 1.416934049980334e-05
28.809184 -22.407361 2.2360704282853305e-05 5.488239060991162e-07
28.803732 -9.601349 1.980761327935454e-05 -5.9275843824480035e-06
28.802598 3.200235 1.4417126299681726e-05 -1.721616160517414e-05
28.805768 16.003131 1.2335362866711108e-05 -1.8494449622763476e-05
28.813275 28.813122 5.409697036107275e-06 -1.7404775344287415e-05
28.825188 41.636116 -2.934847760371895e-07 -1.9775986272563273e-05
28.841606 54.478206 -3.2931749172071534e-07 -1.2055787537157414e-05
28.862652 67.345705 -6.3593829069397145e-06 -2.1162201595092966e-05
28.88846 80.245186 -1.4151819289986989e-05 -3.130180969224128e-05
28.919176 93.183495 -1.795088644929166e-05 -3.728907157229955e-05
28.954962 106.167777 -2.5013221931713403e-05 -4.981805692061414e-05
28.99599 119.205551 -3.251396374404081e-05 -7.434661652538921e-05
29.042478 132.304816 -3.98114655686399e-05 -0.00010304889007084483
29.094698 145.474238 -4.732100680238105e-05 -0.00013545344421483918
29.153004 158.7234 -5.5678962380456554e-05 -0.0001840899081742009
29.217832 172.063115 -6.213190169490623e-05 -0.00022547850354737164
29.289757 185.505749 -6.939846737585853e-05 -0.00027767894858854447
29.369493 199.065554 -7.489591572196197e-05 -0.0003300485218193927
29.457857 212.759059 -8.366122866987347e-05 -0.0003956947682732803
29.555898 226.605633 -9.160194073531969e-05 -0.0004564225771268582
29.664841 240.628255 -9.86419847959219e-05 -0.0005051266054021397
42.798878 -233.770894 4.857900750088184e-05 -0.00043873967600660535
42.647937 -219.8202 4.3754994086597776e-05 -0.0003336759263525835
42.511984 -206.035688 3.339933458978983e-05 -0.00022192942096577184
42.389398 -192.395966 2.6085399742248327e-05 -0.0001496603611643721
42.278808 -178.882891 1.995361521944794e-05 -9.114731906478823e-05
42.179099 -165.480927 1.6582504724471647e-05 -4.515141695815572e-05
42.089352 -152.176615 1.687773631564582e-05 -9.770044844259473e-06
42.008805 -138.958227 1.3764228113499755e-05 1.12723974243778e-05
41.936873 -125.815436 8.074604764596316e-06 3.209201424958508e-05
41.87309 -112.739017 1.3752604716144035e-05 3.508005714536466e-05
41.817088 -99.720581 2.340051656468667e-05 3.222171262606821e-05
41.768576 -86.752314 2.4808660008313055e-05 3.9830985689270904e-05
41.727312 -73.826848 2.3425591462622464e-05 5.069039375760198e-05
41.693085 -60.937166 2.1760192980391224e-05 4.029676983918762e-05
41.665669 -48.07652 2.3468518702163266e-05 2.4061868735270053e-05
41.644892 -35.238458 2.4134331458203206e-05 1.2942414319372375e-05
41.630593 -22.416762 2.1814691487653803e-05 -4.896635312778841e-07
41.622643 -9.605419 1.963891508327542e-05 -9.123158471791015e-06
41.620985 3.201453 1.6259290028353135e-05 -2.2645544265009754e-05
41.625596 16.009654 1.083336098139931e-05 -2.5460783193209657e-05
41.636526 28.825016 7.780790202138732e-06 -2.383959362828314e-05
41.653868 41.653486 9.371637422539436e-06 -1.8133260274000307e-05
41.677757 54.501182 4.109546170028011e-06 -1.8378441222210995e-05
41.708364 67.374442 -4.900894971404668e-06 -2.887831831444032e-05
41.745875 80.279853 -1.008676762404015e-05 -3.5080286930000426e-05
41.790499 93.224275 -1.4558910107043133e-05 -4.122255899341454e-05
41.842467 106.214879 -2.1603502291966947e-05 -5.8054735867507645e-05
41.902043 119.259214 -3.124206217974823e-05 -8.132513308201084e-05
41.969541 132.365333 -3.904711595992261e-05 -0.00010820973969227765
42.04538 145.541995 -4.671192273764113e-05 -0.00014159771466992765
42.13007 158.798887 -5.670453025841127e-05 -0.00018993994520144497
42.224288 172.146969 -6.385382336770995e-05 -0.00023040216333480856
42.328884 185.598748 -7.227843586798954e-05 -0.0002816743944622502
42.444857 199.168637 -8.238093604684416e-05 -0.0003367915562506596
42.57346 212.873368 -9.175975996988939e-05 -0.000397361311311073
42.716186 226.732555 -0.00010243355810457544 -0.0004648369697228816
42.874843 240.769434 -0.00010489268390756479 -0.0004917395072894237
56.012178 -233.955749 7.01593647831622e-05 -0.0004596709419608658
55.812681 -219.986495 6.808998564755697e-05 -0.0003440829509937515
55.633126 -206.185538 5.028731236444983e-05 -0.00023973544026123506
55.471305 -192.531105 4.278690459535994e-05 -0.00016541339664755128
55.325399 -179.004752 3.0204595959482106e-05 -9.621407188031839e-05
55.193936 -165.590704 2.5973715924720864e-05 -5.131506246591755e-05
55.075663 -152.275285 2.7150028060418663e-05 -1.5250667992461331e-05
54.969578 -139.046577 2.3175995580437814e-05 1.4227908726738292e-06
54.874866 -125.89409 1.8885313180394547e-05 2.4479616745232136e-05
54.790881 -112.808451 1.6657262088770608e-05 3.917705661393711e-05
54.717138 -99.781172 2.6378198462850833e-05 4.0845887667284586e-05
54.653246 -86.804376 3.3893373520665904e-05 3.9474463910949e-05
54.598871 -73.870647 2.4036768132784658e-05 4.0506804383166894e-05
54.55371 -60.972952 2.3118995839954692e-05 3.982766096655155e-05
54.517527 -48.104505 2.4475129165590914e-05 2.169840043664273e-05
54.49008 -35.258844 3.0321554857604127e-05 8.651685947880239e-06
54.471173 -22.42971 2.930685055346771e-05 -4.0347405400043e-06
54.460663 -9.611032 2.26036461858925e-05 -2.0634106122519036e-05
54.458463 3.203125 2.0046749497293348e-05 -2.3452270063992198e-05
54.46456 16.018632 1.8633892839847732e-05 -2.77534653708722e-05
54.479002 28.841374 1.8093642268901533e-05 -2.317470192148008e-05
54.501907 41.67736 1.3089858688530853e-05 -2.299036017383571e-05
54.533441 54.532746 2.5782631714044157e-06 -2.8780871343947467e-05
54.57381 67.413897 -3.3829240884131195e-06 -3.5033306728937674e-05
54.623258 80.327424 -5.366341431667365e-06 -3.8605402038704995e-05
54.682049 93.280207 -1.176604926644842e-05 -4.7864521649287894e-05
54.750486 106.279462 -2.1613520212682147e-05 -6.6168038181047e-05
54.828927 119.332784 -3.094184141438916e-05 -8.930353713054728e-05
54.917806 132.448315 -3.8192169737438775e-05 -0.0001133650188114288
55.017689 145.634929 -4.938378650187758e-05 -0.00015249582285914443
55.129293 158.90248 -6.0457968895200054e-05 -0.000195247342060334
55.253513 172.262096 -6.82027545044761e-05 -0.00023823073119277893
55.391465 185.726497 -7.716702202431591e-05 -0.00028723593724322427
55.544555 199.310308 -8.935253395048193e-05 -0.00034680945283671605
55.714394 213.030547 -9.811859277508717e-05 -0.00040016440917156615
55.902994 226.907162 -0.00011345531604867176 -0.00047701814209055726
56.112757 240.963743 -0.00010725476448669724 -0.0004678907735158333
69.261722 -234.192711 9.984348298042178e-05 -0.0004977278040847466
69.01195 -220.199541 8.017015313566134e-05 -0.0003536820832419352
68.787295 -206.377387 7.162382047187776e-05 -0.00026173867324263966
68.584982 -192.704015 6.0606334729484956e-05 -0.00017648597274799727
68.402701 -179.160572 5.00337961213404e-05 -0.00011472692120229055
68.238562 -165.730985 4.3431214045153155e-05 -6.118001347399371e-05
68.091002 -152.401302 2.9976663916020385e-05 -2.4958762047333494e-05
67.958716 -139.159355 3.368892536492751e-05 -4.532608191887277e-06
67.84067 -125.994452 3.170853893985637e-05 1.8347922246420012e-05
67.736031 -112.897048 2.544416710659192e-05 3.341759146913148e-05
67.644153 -99.858502 2.815967338865022e-05 4.044197352026657e-05
67.564527 -86.870843 2.663917190615095e-05 3.514598162768223e-05
67.496716 -73.926612 3.2617580263405443e-05 3.067695772784873e-05
67.440375 -61.018702 2.5791164417476864e-05 3.8069368834658945e-05
67.395187 -48.140323 2.573131368288628e-05 2.607445524316354e-05
67.360879 -35.284951 2.7843460635779138e-05 8.345263484477172e-06
67.337238 -22.446295 2.8832824272129187e-05 -6.775006308967768e-06
67.324086 -9.618225 3.133966155788315e-05 -2.76783824184057e-05
67.321334 3.205266 2.912906648511182e-05 -3.00846614185446e-05
67.328956 16.030131 2.3725779617400633e-05 -3.2040059624427464e-05
67.347013 28.862322 1.7270668089874874e-05 -3.095960364940531e-05
67.375638 41.707913 9.326781356122638e-06 -3.209503320289464e-05
67.415021 54.573105 3.475380233375347e-06 -3.517401333485992e-05
67.465401 67.46431 1.23971323606753e-06 -3.8077127934244004e-05
67.527065 80.388169 -2.7865581144759233e-06 -4.340221962095825e-05
67.600347 93.351601 -1.1797732465623767e-05 -5.702495896553472e-05
67.685622 106.361874 -2.192215937624198e-05 -7.563701968482661e-05
67.783356 119.426665 -3.0975993337900576e-05 -9.717004005427299e-05
67.894117 132.554234 -4.015399385126628e-05 -0.0001232649297175925
68.01864 145.753606 -5.445512365742644e-05 -0.00016507561654410807
68.157848 159.034833 -6.352221380456768e-05 -0.00020134575527475107
68.312899 172.409285 -7.418836947659102e-05 -0.0002483772493029335
68.485232 185.88992 -8.346085175947593e-05 -0.0002937834511342885
68.676582 199.49167 -9.79175905300167e-05 -0.0003577631247742019
68.889029 213.231878 -0.00010723377664945133 -0.0004068736113831406
69.125111 227.130968 -0.00012422542679590975 -0.0004842004366327757
82.254792 -220.461185 9.871074549216985e-05 -0.00036734944193561603
81.983119 -206.612796 8.708260273060375e-05 -0.0002807875093679968
81.738676 -192.916018 7.721313566744215e-05 -0.00019033677688362616
81.518602 -179.351491 7.22949604341494e-05 -0.00012975489911948301
81.320613 -165.902731 5.375485086389631e-05 -7.656779141740344e-05
81.14275 -152.555464 4.662983365344431e-05 -3.768686337757288e-05
80.983423 -139.297237 4.0297794531074516e-05 -5.872385272276404e-06
80.841337 -126.1171 4.0322053809660474e-05 1.0512410380414394e-05
80.715451 -113.005286 3.978532238724242e-05 2.757273619291567e-05
80.604933 -99.952981 3.0024010225560005e-05 3.1087315143008e-05
80.509137 -86.952088 2.703107255053183e-05 3.544925388698772e-05
80.427534 -73.995048 3.387382591224508e-05 3.1950209211650815e-05
80.359696 -61.074689 3.5832394689183644e-05 2.9522234234136135e-05
80.305248 -48.184189 3.200468127007028e-05 2.159801346546253e-05
80.263884 -35.316952 2.743602475652196e-05 8.140480799445626e-06
80.235356 -22.466636 2.4440884665022367e-05 -9.756669856808564e-06
80.219481 -9.627054 2.5926497475570187e-05 -2.494999223712213e-05
80.216154 3.207893 2.326384297779427e-05 -3.626773088664936e-05
80.225351 16.044225 1.977287193444255e-05 -3.98899361230276e-05
80.247135 28.887995 1.5163058424860765e-05 -3.892384181836128e-05
80.281649 41.745332 1.161724463516478e-05 -3.7840006373413004e-05
80.329104 54.622503 9.738468566666825e-06 -3.913692980495043e-05
80.389775 67.525969 5.203894775984708e-06 -4.238864715899737e-05
80.463991 80.462419 -3.5338596680034584e-06 -5.195799174728677e-05
80.552151 93.438837 -1.183877353794216e-05 -6.634590047038813e-05
80.654727 106.462563 -2.1482829701824357e-05 -8.56279356238332e-05
80.772293 119.54138 -2.96969153237292e-05 -0.00010619781575282872
80.905579 132.683702 -4.439609827677771e-05 -0.0001369119319560852
81.055511 145.898754 -5.7426532734439206e-05 -0.0001749158928676664
81.223258 159.196826 -6.726780674037869e-05 -0.0002123339605928365
81.410232 172.589571 -7.971900092007544e-05 -0.000257479199825994
81.618234 186.090249 -9.242115821539443e-05 -0.00030766661568470965
81.849363 199.714154 -0.0001066782260155108 -0.000365490511719635
82.106189 213.479067 -0.00012068357220629267 -0.0004261416721229594
82.391821 227.405952 -0.00013115863891943746 -0.0004765863450177932
95.550881 -220.77374 0.00012628792462532346 -0.00040216595397879473
95.229785 -206.893768 0.00010930309941636907 -0.0002962390751726218
94.941145 -193.168826 9.725172819408101e-05 -0.00020808491161528053
94.681532 -179.578962 7.838434828588703e-05 -0.00014424310772742643
94.44817 -166.107183 7.12326402703134e-05 -9.714649573488998e-05
94.23873 -152.738828 6.401185175830548e-05 -5.3095854749329874e-05
94.051292 -139.46111 4.881925511801555e-05 -1.5103496570745278e-05
93.884262 -126.262768 5.2329672202144906e-05 5.5441809525547114e-06
93.736367 -113.133788 4.10637329637531e-05 1.778044569888948e-05
93.606585 -100.065133 3.641868908710322e-05 1.9220011058695974e-05
93.4941 -87.048539 3.4986387051016976e-05 2.856412564344879e-05
93.398272 -74.076317 3.0744843709573644e-05 3.434388846290659e-05
93.318579 -61.141222 3.664262926728057e-05 2.366271729403735e-05
93.254584 -48.236339 3.825784954880618e-05 2.204057128984971e-05
93.205946 -35.355022 3.688325586148622e-05 -3.695511748169622e-06
93.172378 -22.490855 3.2803250291646435e-05 -1.4848295262215316e-05
93.153687 -9.637569 3.168935474517909e-05 -2.6802653962099132e-05
93.149764 3.211011 3.0380076689429103e-05 -4.023505135915262e-05
93.160586 16.061003 2.7742943102815332e-05 -4.634623423949158e-05
93.186214 28.91854 2.4878918268633754e-05 -4.427455068523045e-05
93.226798 41.789823 2.0573708324533868e-05 -4.245313553208341e-05
93.282575 54.681205 1.411710885745876e-05 -4.603336664565916e-05
93.353854 67.599202 5.679995276341998e-06 -5.239834231218765e-05
93.441014 80.550578 -3.401842051165005e-06 -6.24605893029262e-05
93.544524 93.542384 -1.3622002053459425e-05 -7.734042132767627e-05
93.664962 106.582081 -2.248729897491586e-05 -9.366482639272533e-05
93.803042 119.67759 -3.3456644879859e-05 -0.00011826670076686696
93.959678 132.837526 -5.0030759632058164e-05 -0.00015261117975740035
94.136007 146.071342 -5.95863550745257e-05 -0.00018389120130191117
94.333462 159.389605 -7.373693791334901e-05 -0.00022562518999169612
94.553764 172.804303 -8.488315322630058e-05 -0.0002674727710560987
94.799052 186.32906 -0.0001033564238821505 -0.0003248728889326813
95.071854 199.979597 -0.00011463468885386519 -0.00037288794374390477
95.375293 213.774268 -0.00013628481014205107 -0.0004467206007223723
95.713087 227.734596 -0.00012385149498772563 -0.00044368733274957606
108.910802 -221.140079 0.00017087628113454656 -0.000467279459625658
108.53732 -207.222813 0.00012846482197925724 -0.0003099523201264276
108.201927 -193.464569 0.00011396186227319305 -0.00024058513166735906
107.900597 -179.844803 9.755938429556466e-05 -0.00016407539423202167
107.630001 -166.3459 8.667968602349418e-05 -0.00011540127393239175
107.387375 -152.952718 7.337040687449559e-05 -6.518803120147965e-05
107.170452 -139.65209 7.056350769651942e-05 -3.0135877135073486e-05
106.977324 -126.432396 5.069669096346985e-05 -5.883000213202649e-06
106.806472 -113.283326 5.126265779331618e-05 4.447581710032011e-06
106.656624 -100.195593 4.992261191194558e-05 1.1481553705561254e-05
106.526815 -87.160719 4.612020924543714e-05 1.7661825453707536e-05
106.416239 -74.170856 3.905321071950851e-05 2.7746715331566918e-05
106.324262 -61.21864 3.4913569925798527e-05 2.8940906559693502e-05
106.250391 -48.29705 3.8716650275993914e-05 1.1099117608992515e-05
106.194227 -35.399361 4.320693630344152e-05 -7.999681968851036e-06
106.155449 -22.519075 4.2852977198748476e-05 -2.2098796771397033e-05
106.13385 -9.649826 4.1472231071537635e-05 -3.145671426901808e-05
106.129313 3.214642 3.847858881211863e-05 -4.341173769251139e-05
106.141808 16.080549 3.673092036926562e-05 -4.8897664889024917e-05
106.171405 28.954107 3.1003020620978816e-05 -5.2722327378296185e-05
106.218267 41.841616 2.3768305966065384e-05 -5.2261303753464716e-05
106.282652 54.749508 1.4241767961387097e-05 -5.612624392581367e-05
106.364902 67.684383 5.741883881249521e-06 -6.327932885641374e-05
106.465471 80.653098 -4.654407110393777e-06 -7.344327098302017e-05
106.584911 93.662816 -1.2452877308888333e-05 -8.667597661293769e-05
106.723929 106.72113 -2.310565254859398e-05 -0.00010640822054508448
106.883395 119.836156 -4.031609884513898e-05 -0.00013621952797659986
107.064421 133.016722 -5.200439684482916e-05 -0.0001635498477599029
107.268399 146.272575 -6.559669930616963e-05 -0.0001983885588394685
107.497035 159.614612 -7.896922168182385e-05 -0.0002384283757672634
107.752388 173.055174 -9.498196432744521e-05 -0.00028512458206986224
108.036982 186.608327 -0.00011252612400358686 -0.0003380975825724164
108.353854 200.290323 -0.00012706444669685624 -0.0003924628564080379
108.706679 214.120179 -0.00014357041687063088 -0.00045098684639022224
121.916661 -207.602958 0.0001550636979219533 -0.0003530555294490867
121.531373 -193.805878 0.00013144936244469108 -0.0002585616888586273
121.185638 -180.151255 0.00011261150517771767 -0.0001867559060668711
120.875497 -166.620799 0.00010168969154555896 -0.0001266171843994357
120.597727 -153.198785 9.544722425580687e-05 -8.541406238737892e-05
120.349634 -139.871567 7.366944566378208e-05 -5.152952990705728e-05
120.128999 -126.627153 6.337767874686762e-05 -2.176917891194563e-05
119.933968 -113.45488 5.111554211723046e-05 -7.127271342000085e-07
119.763089 -100.345162 5.265200888260324e-05 9.864527516612043e-06
119.615137 -87.28928 5.740492264028063e-05 6.818350969606257e-06
119.489157 -74.279187 4.795934101409216e-05 1.3482871107139971e-05
119.384386 -61.307354 4.540486659454501e-05 1.98175311822979e-05
119.300247 -48.366635 3.4202499123558994e-05 8.520644207532513e-06
119.236264 -35.450197 4.0237968143230773e-05 -1.1540359840411796e-05
119.192079 -22.551439 4.4672076388252435e-05 -2.46866104557375e-05
119.167469 -9.663889 4.2017231449698045e-05 -3.6373651519594485e-05
119.16229 3.218803 4.231703620494187e-05 -4.8485342879517335e-05
119.176519 16.102952 3.9814182293262945e-05 -5.944491503184768e-05
119.210229 28.994872 3.4036757124766837e-05 -6.328682794398688e-05
119.263604 41.900972 2.5303260403397587e-05 -6.339934428378768e-05
119.33693 54.827771 1.6215983577261284e-05 -6.741503139950922e-05
119.430609 67.781985 7.836059371157944e-06 -7.459610569560127e-05
119.545158 80.770576 -1.3094093578303045e-06 -8.429027778866782e-05
119.681251 93.800851 -1.3595703646451796e-05 -0.00010068487014081029
119.839735 106.88059 -3.1354514058001826e-05 -0.00012520499266699403
120.021675 120.01813 -4.3185785171928615e-05 -0.00014915258526748687
120.228403 133.222566 -5.6141823509214817e-05 -0.00017821110104776494
120.461573 146.503976 -7.13930204767621e-05 -0.00021436499128313358
120.723211 159.873617 -8.508646569094225e-05 -0.0002534885617704319
121.015754 173.344243 -0.00010716367971763674 -0.0003065201250613825
121.342134 186.930477 -0.0001185241572034812 -0.0003498355180546753
121.705967 200.649173 -0.0001456367682370896 -0.0004185961322020759
122.111527 214.520046 -0.00012770022795827174 -0.0004164315750365688
134.940977 -194.195963 0.00014992218521925338 -0.0002806569172468798
134.547541 -180.501069 0.0001402900474536395 -0.00021651177924209009
134.195073 -166.934233 0.00011784808447501405 -0.00014631079058968766
133.879752 -153.479038 0.00010005265169699129 -0.00010886713043500862
133.598433 -140.121276 9.150874467067638e-05 -7.11869804055354e-05
133.34852 -126.848502 7.590922495204211e-05 -3.784053010047472e-05
133.127846 -113.649666 6.910731071663179e-05 -1.753851595509559e-05
132.934675 -100.514851 5.712624728371196e-05 -1.9113455524966128e-06
132.767555 -87.435046 5.393453985380603e-05 4.671301378156301e-06
132.625356 -74.401961 5.907894397250146e-05 2.1344373974940822e-06
132.507156 -61.407869 5.418655918720816e-05 6.23547123579371e-06
132.412249 -48.445474 4.80810440599555e-05 -2.9650413981840984e-06
132.340075 -35.507803 4.1955319737496666e-05 -1.4637803908756908e-05
132.290246 -22.588112 4.016843775378476e-05 -2.2457319044710822e-05
132.262486 -9.679831 4.49530543340515e-05 -4.5169538375799956e-05
132.25664 3.223508 4.4807827909387754e-05 -5.0950124154625076e-05
132.272682 16.128325 4.203564084548361e-05 -6.592383360726206e-05
132.310686 29.04105 3.970149021803593e-05 -7.443510134619302e-05
132.370869 41.968209 3.1124765050627445e-05 -7.529025854235982e-05
132.453559 54.916432 2.2108523664243762e-05 -7.819677472609143e-05
132.559226 67.892571 1.185493259736603e-05 -8.673856009178138e-05
132.688491 80.903733 -4.2774443578252885e-06 -0.00010126899217866026
132.842147 93.95739 -2.0075416143683356e-05 -0.00012036045181540445
133.02122 107.06157 -3.134406700056047e-05 -0.00013911040481584536
133.226983 120.224853 -4.5645350330580925e-05 -0.0001638099298846285
133.461035 133.456657 -6.159446671993862e-05 -0.00019623567348503457
133.725313 146.767402 -7.552157247037172e-05 -0.00022990795138699838
134.022184 160.168786 -9.783455510881112e-05 -0.0002782470722513253
134.354492 173.674075 -0.00011247699767036323 -0.0003189987657261639
134.725706 187.298467 -0.00013653766112753374 -0.0003768463615809736
135.140031 201.059592 -0.00014378116209901037 -0.0004163917865991351
148.443578 -194.638673 0.00019979118829649423 -0.0003443039133959047
147.998518 -180.8976 0.00015628926130606402 -0.00023300410385740378
147.600312 -167.289068 0.00013757787490042972 -0.00018667933234084444
147.244522 -153.795928 0.00011036132385555675 -0.00012427135113224352
146.927472 -140.40332 0.00010155629803332289 -8.827788602250308e-05
146.646137 -127.098241 9.200881870086164e-05 -5.7398576982059524e-05
146.39799 -113.869214 8.239097110074312e-05 -3.3716443390119366e-05
146.180987 -100.705923 7.138634743952821e-05 -1.8043091916553067e-05
145.993426 -87.599047 5.894914652504468e-05 -4.9616274657715564e-06
145.833969 -74.540005 5.27382034141155e-05 2.1201272502047175e-06
145.701506 -61.520839 5.077443917311797e-05 -2.5823453935203133e-06
145.595191 -48.534058 5.46907237497507e-05 -1.0433617617877644e-05
145.514379 -35.572509 4.906550252314901e-05 -1.977127358032682e-05
145.458592 -22.629305 4.557626559087424e-05 -2.967224999050888e-05
145.42751 -9.697739 4.9456886506149544e-05 -4.7053756941861646e-05
145.420963 3.228788 4.8211564914524274e-05 -5.2959498498664215e-05
145.438902 16.156812 4.959748368005279e-05 -7.269223199013464e-05
145.481444 29.092912 4.336774382096564e-05 -7.761494727342999e-05
145.548817 42.043732 3.602551650683239e-05 -8.915379266150047e-05
145.641413 55.016051 2.1611468589810556e-05 -9.472136342125737e-05
145.759791 68.016868 5.978846083998235e-06 -0.00010601366186158145
145.904688 81.05348 -6.096734453286956e-06 -0.00011878770584816678
146.077064 94.133582 -1.7791905925435003e-05 -0.0001336531980506983
146.278134 107.265455 -3.309952918773007e-05 -0.00015683487232553972
146.50941 120.457979 -5.0344002037405744e-05 -0.00018339464887340284
146.772757 133.720926 -6.428528826774027e-05 -0.0002122162947202355
147.070452 147.065144 -8.882393935216726e-05 -0.0002544353023932189
147.405257 160.502781 -0.0001048934107750199 -0.00029471029361172185
147.780499 174.047741 -0.00012539247872744852 -0.0003427675813139075
148.200224 187.715917 -0.00014549057095081253 -0.0003948841645389223
161.552326 -181.344876 0.00018061913480327263 -0.0002851166600494892
161.104261 -167.688792 0.00014734374266911487 -0.0002062520013472735
160.704468 -154.152451 0.00014061382237695597 -0.00015939717576785029
160.348671 -140.720249 0.00011419047176008945 -0.00010610591109649903
160.033295 -127.378568 0.00010274711338098541 -7.8302802368313e-05
159.755471 -114.115379 9.253788664231877e-05 -4.677937421160294e-05
159.512756 -100.919954 8.215781957954249e-05 -3.857685136443578e-05
159.303182 -87.782582 7.224751720702471e-05 -2.3807975121137304e-05
159.125153 -74.694374 6.070871848251613e-05 -1.2683323544315783e-05
158.977376 -61.647097 5.524932924938497e-05 -1.3867812799439605e-05
158.858857 -48.633006 4.3238320988514545e-05 -1.1779942343581595e-05
158.768807 -35.644757 4.766272287426432e-05 -2.6765449103516303e-05
158.706657 -22.675297 4.279851455457617e-05 -3.8141202734265356e-05
158.672035 -9.71774 3.880978999681872e-05 -4.529012323312154e-05
158.664737 3.234662 4.536568006852093e-05 -6.160356840728687e-05
158.684712 16.188611 3.908397437424327e-05 -7.439570406486684e-05
158.732084 29.150815 3.824204749669491e-05 -9.13390550032478e-05
158.807142 42.128068 3.3636772369227685e-05 -0.00010581117304098164
158.910347 55.127335 2.3048275036074983e-05 -0.00011329796727466146
159.04236 68.155808 1.1428994131534864e-05 -0.00012173341285048878
159.204053 81.221 -3.5730651388732326e-06 -0.0001358274468334919
159.396578 94.330857 -2.011567637971723e-05 -0.00015431236613538957
159.621368 107.49396 -3.570967877930542e-05 -0.00017593660687253987
159.880208 120.71953 -5.252074473993673e-05 -0.0002022321472008315
160.17526 134.017757 -7.708889891944182e-05 -0.00023997214636573005
160.509177 147.399943 -9.370340091940932e-05 -0.00027472146905793693
160.885186 160.878831 -0.00011373886888499385 -0.00031724107789088407
161.307189 174.469013 -0.000139549313622922 -0.0003685587721120598
174.72191 -168.137585 0.0001819449697944009 -0.000251061282864562
174.273816 -154.552206 0.00014150595236728236 -0.0001754956728055035
173.875577 -141.075161 0.0001346866188383089 -0.00013712530580267668
173.523053 -127.6921 0.00011348215989670507 -9.428892124763166e-05
173.212845 -114.390407 0.00010315484397516173 -7.061311242129165e-05
172.942129 -101.158831 9.581166128125318e-05 -5.553480323783333e-05
172.70861 -87.987237 8.065582010452488e-05 -3.91721265806666e-05
172.510424 -74.866355 6.752974483337226e-05 -3.013844912347352e-05
172.346037 -61.787653 5.995528456814725e-05 -2.221125168899718e-05
172.214289 -48.743105 5.799384801186136e-05 -3.0500096361629758e-05
172.114238 -35.725124 5.0910765844847106e-05 -3.8250928890537494e-05
172.04521 -22.72644 4.609986655523812e-05 -4.944383910254757e-05
172.006776 -9.739974 4.023788685980634e-05 -5.268118789769627e-05
171.998666 3.241191 3.849814306633448e-05 -6.371589940322442e-05
172.020841 16.223949 4.427194154832392e-05 -8.105623814069762e-05
172.073441 29.215187 4.3387863645882874e-05 -0.0001031466253349489
172.156804 42.221867 3.85590704352623e-05 -0.00011910315546237449
172.271498 55.251189 2.888668351896939e-05 -0.00013235275959200266
172.418292 68.310541 1.1272798142947238e-05 -0.0001420377122087757
172.598239 81.407713 -3.2331067130186852e-06 -0.00015589892769352076
172.812675 94.55094 -1.9001663215334474e-05 -0.00017361033013818528
173.063296 107.749134 -3.9662128266115815e-05 -0.0001987066014725869
173.352161 121.011935 -6.42446893390769e-05 -0.0002306149028070692
173.681828 134.349974 -7.93094888091872e-05 -0.0002592370761984597
174.055392 147.775128 -0.00010314246341991407 -0.0002996552998846269
174.476592 161.300833 -0.0001285993364454896 -0.0003464724302535416
174.949885 174.942337 -9.491869291888833e-05 -0.00033814273255394767
187.968875 -154.999557 0.0001867177446728263 -0.00022698208157656552
187.523754 -141.471797 0.00013756996754032969 -0.0001569482165617586
187.130246 -128.042061 0.00013256549546092344 -0.00012041045977895237
186.784406 -114.697041 0.00011068737456465527 -9.517080143695011e-05
186.482943 -101.424879 9.192587240569594e-05 -7.002755826279738e-05
186.223164 -88.214945 8.52688011594438e-05 -6.176912088529107e-05
186.002864 -75.057568 7.680491462647154e-05 -5.0567485920804955e-05
185.820309 -61.943798 6.80335623695072e-05 -4.059351039487069e-05
185.674085 -48.865342 5.463513134351672e-05 -3.8476025532974134e-05
185.563102 -35.814305 4.854140070431612e-05 -4.892876792306211e-05
185.48657 -22.783167 4.8217646387627155e-05 -6.241966879960703e-05
185.443958 -9.764643 4.023892644156035e-05 -6.650127677121365e-05
185.43497 3.248434 3.232407819453442e-05 -7.411251414581044e-05
185.459554 16.263146 2.7511840362315354e-05 -8.530504065518141e-05
185.517867 29.286607 2.7937590932225476e-05 -0.0001055939896494884
185.610325 42.326 3.1378078945820675e-05 -0.00013035719877452223
185.73758 55.388739 2.3864036998055838e-05 -0.00014505636182837733
185.900574 68.482516 1.3677590374960857e-05 -0.00016158391512322012
186.100519 81.615393 -4.211402679032972e-06 -0.00017968636248166803
186.338988 94.795963 -2.8854232664521362e-05 -0.000201180999642947
186.617971 108.033511 -4.832807641186321e-05 -0.00022468689925858598
186.939877 121.338151 -6.175798315943837e-05 -0.00024957130468994393
187.307689 134.721069 -9.290182506838107e-05 -0.0002893658504046215
187.725003 148.194793 -0.00011228071063662526 -0.00032572844029843395
201.311207 -141.914664 0.00020007838064550754 -0.0002214581407891103
200.872173 -128.432335 0.00013492380082258393 -0.00014750025136223144
200.486753 -115.038576 0.00011736596599565274 -0.00011564211850423334
200.151188 -101.720887 0.00010974534693986016 -9.896729944225413e-05
199.862319 -88.468068 8.932435333619537e-05 -8.134419455085862e-05
199.617612 -75.269905 7.269589182712366e-05 -6.974592819730674e-05
199.414976 -62.117082 6.25005245051824e-05 -5.4418598661509776e-05
199.252775 -49.000908 5.71000475435568e-05 -5.7182667286603817e-05
199.129721 -35.913177 4.811711904206817e-05 -6.456327353743241e-05
199.04491 -22.846053 4.313623995688687e-05 -7.159817922097744e-05
198.997709 -9.791971 4.3175495441971634e-05 -8.190482561953871e-05
198.987763 3.256473 3.1119176748362065e-05 -8.207680329741507e-05
199.015002 16.306593 2.9016568103834572e-05 -0.00010147675396321443
199.079627 29.365759 1.763766346218887e-05 -0.00011521075293030592
199.182124 42.441457 1.0876321521635646e-05 -0.0001333228392659258
199.32326 55.541362 9.556277650979439e-06 -0.0001635301660734001
199.504139 68.673458 -5.8933347304446215e-06 -0.0001833486028681719
199.726199 81.846173 -1.3020941309171974e-05 -0.00020425757827746693
199.991278 95.068461 -2.466406747814176e-05 -0.00022430880175017265
200.301689 108.350131 -5.067980431405772e-05 -0.0002503510919042995
200.660277 121.701799 -8.121820753714815e-05 -0.00028451453231692625
201.070494 135.135254 -8.203412063068072e-05 -0.0003049081471289128
214.339259 -115.41902 0.00014976985789338926 -0.00015775490861269503
213.965545 -102.050261 0.0001000667136006328 -0.00012074314568000233
213.6442 -88.7494 8.2123736740769e-05 -9.902189791111127e-05
213.372228 -75.505722 8.534355791844916e-05 -8.941006942553287e-05
213.147212 -62.309376 7.494414095354784e-05 -7.976692590361267e-05
212.967206 -49.151265 6.151384134245319e-05 -7.747284985537561e-05
212.830747 -36.022768 4.1486808766144634e-05 -7.978320693391439e-05
212.736739 -22.915706 2.6248756054059186e-05 -8.42969301341201e-05
212.684429 -9.822236 2.3573335180770982e-05 -9.123544722444699e-05
212.673417 3.265382 1.764506225843121e-05 -0.00010077511875661305
212.703613 16.354744 1.0120389202228353e-05 -0.00011766412517577596
212.775275 29.453509 -3.1809709941654774e-06 -0.00012619641158440054
212.888952 42.569508 -1.129923140830158e-05 -0.00014396536736294152
213.045557 55.710699 -4.661457963628379e-06 -0.00017302356189041745
213.246379 68.885457 -1.174473815890309e-05 -0.00019469830945517685
213.493113 82.102615 -2.7531539910086167e-05 -0.0002232194839564272
213.787927 95.371578 -5.318077920435371e-05 -0.0002518836366629529
214.133505 108.702696 -5.8518093589476905e-05 -0.00027471621782027
214.533107 122.107149 -2.250093557432109e-05 -0.0002768181861041441
227.590082 -89.062397 0.00012628834850048065 -0.0001452042546681298
227.287437 -75.76784 8.042460111923333e-05 -0.00011018183878830357
227.03723 -62.522967 5.594135236641762e-05 -9.702874370898229e-05
226.837228 -49.318142 4.124021642226694e-05 -8.96395347482759e-05
226.685703 -36.144327 3.64135521007114e-05 -0.00010226619696851458
226.581364 -22.992954 2.7072859046128883e-05 -0.00010790638235047556
226.523327 -9.855775 1.7964488934651968e-05 -0.0001060769750799162
226.511131 3.275267 1.0150685907817092e-05 -0.00011780741032478559
226.544662 16.408146 -6.5947252672060586e-06 -0.00012285711469550709
226.624229 29.550897 -1.4344081520789587e-05 -0.00014481946557309833
226.750484 42.711639 -3.0198543777615328e-05 -0.0001636225076031561
226.924495 55.898768 -4.452721558578787e-05 -0.00018638914023627606
227.147767 69.121075 -4.781164804157356e-05 -0.0002166139715318316
227.422284 82.387849 -4.602218148086479e-05 -0.00023052555029279276
227.750534 95.709052 -5.407817651459368e-06 -0.0002427404737472827
240.886327 -49.503645 9.853484104382915e-05 -0.00013173075318673177
240.717766 -36.27939 5.946695576675154e-05 -0.00013109148051237973
240.601734 -23.078745 3.0607643816793484e-05 -0.00013061948147630176
240.537229 -9.893 8.723352239670135e-06 -0.00012532768746453815
240.523697 3.286289 -1.7700103214224328e-06 -0.00013427427569552564
240.561029 16.467532 -6.229711292604634e-06 -0.0001438246882478067
240.649555 29.659155 -9.086939691371754e-06 -0.0001627082137476421
240.790048 42.869682 -2.4596049250646956e-06 -0.00017786085268589602
240.98374 56.107995 1.676111541648595e-05 -0.00018560004882717251
-247.599672 -0.00829 -0.00013176519629531924 -0.00013055824582441718
-233.490138 -0.007249 -1.2009390097489359e-05 -9.3220417061186e-05
-219.56803 -0.006288 1.86735070855093e-05 -6.547396615289722e-05
-205.808855 -0.00544 3.922664028621625e-05 -3.562239409860406e-05
-192.191811 -0.004679 4.35521586679144e-05 -1.3773098008818338e-05
-178.69924 -0.004001 4.2135779830587694e-05 2.1670206113224037e-06
-165.31597 -0.003397 3.2608836495029436e-05 1.5489465352496134e-05
-152.028847 -0.002867 1.1491728955981273e-05 2.415697601744677e-05
-138.826422 -0.002395 -2.3366647373457283e-05 3.374111864034645e-05
-125.698623 -0.001979 -4.124794624971173e-05 4.0292903823987685e-05
-112.636383 -0.001612 -5.3572743194507666e-05 4.0056191645768784e-05
-99.631491 -0.001292 -5.4897477605564404e-05 4.109016245216649e-05
-86.676206 -0.001005 -4.424336937525197e-05 3.791156631275723e-05
-73.763202 -0.000759 -4.787487531743295e-05 3.620668873608524e-05
-60.885505 -0.000536 -4.764201499352083e-05 3.164982292398937e-05
-48.036361 -0.000352 -2.4976113544461498e-05 2.4627002499484763e-05
-35.209388 -0.0002 -2.6032335062042833e-05 2.0397868248685274e-05
-22.398409 -8.5e-05 -1.3981932349804715e-05 1.0767987027213753e-05
-9.597547 -2.6e-05 -3.002762738513187e-06 7.0112029593194984e-06
3.199066 -2e-06 1.326845115570685e-06 9.239357194465294e-07
15.997181 -7e-06 6.331561475114711e-06 -1.0266195357825226e-05
28.802478 -6e-05 1.705822013731151e-05 -1.5281076770625896e-05
41.620815 -0.000162 1.6501712458483198e-05 -1.915629009879127e-05
54.458236 -0.000313 2.029175048834375e-05 -2.2887685332449556e-05
67.321049 -0.000505 2.969751367398743e-05 -2.6165799351179077e-05
80.21581 -0.000741 2.400349445874639e-05 -3.209733887380741e-05
93.149363 -0.001026 3.1428531451993535e-05 -4.186304671412232e-05
106.128853 -0.001364 3.89577556800802e-05 -3.960278619416529e-05
119.161764 -0.001764 4.308418029719263e-05 -4.7642138266010636e-05
132.256051 -0.002215 4.3111178403165695e-05 -4.8547704303531804e-05
145.4203 -0.002736 4.782887195720065e-05 -5.1015320611219883e-05
158.664006 -0.003319 4.4719781201685294e-05 -5.9717192088867705e-05
171.997858 -0.003978 4.1376917790714174e-05 -6.114957521933913e-05
185.43407 -0.004714 3.447304372716786e-05 -7.131250398564141e-05
198.986766 -0.005513 3.469178159498654e-05 -8.264028370522466e-05
212.672304 -0.0064 1.744594541008837e-05 -9.701481011787326e-05
226.509894 -0.007355 1.2618702202260579e-05 -0.00011662919352021454
240.522317 -0.00839 3.1026115241417074e-06 -0.00013185511590187567
-0.000675 -247.626646 -4.087940082051466e-05 -0.0006309320859525513
-0.000515 -233.513637 -3.2055409713630594e-05 -0.00041634272927915106
-0.000392 -219.588565 -2.1554921522031142e-05 -0.00031286361343596525
-0.000287 -205.826784 -1.7689779372817985e-05 -0.00020960177314144346
-0.000219 -192.207395 -1.3180207228337557e-05 -0.00013225954023976527
-0.000177 -178.712695 -1.4628435969963133e-05 -7.132595593350999e-05
-0.000148 -165.327483 -1.2555349736972672e-05 -2.3682878498298976e-05
-0.000134 -152.038591 -4.040440878111055e-06 -7.634871891148975e-06
-0.000123 -138.834568 -5.63541968855727e-06 1.3416256234854984e-05
-0.000123 -125.705334 -6.432366625556725e-07 3.227296725683004e-05
-0.000121 -112.641814 -5.745635901696986e-07 3.5586775354090605e-05
-0.000117 -99.635786 4.5708601543952525e-06 4.0036065078297156e-05
-0.000107 -86.679515 1.944814619783942e-06 4.323408911277582e-05
-9.7e-05 -73.765665 2.320223036194398e-06 4.1167569330813336e-05
-7.4e-05 -60.887241 1.0190460904189325e-05 3.567548383553998e-05
-5.5e-05 -48.037527 1.1910469249987674e-05 3.682174677210881e-05
-3.4e-05 -35.210093 1.3707637632264501e-05 1.9201442806648927e-05
-1.6e-05 -22.398756 8.391621091696287e-06 1.4829892283074741e-05
-1.2e-05 -9.597645 3.543632135373911e-06 1.27053175885683e-06
2e-06 3.199077 -1.9239357194621153e-06 -4.254808790724041e-06
2.9e-05 15.997139 -6.897190659513529e-06 -1.1265245458469408e-05
5.1e-05 28.802211 -1.306108473174158e-05 -1.0084764503481836e-05
6.4e-05 41.620192 -1.5567885332987533e-05 -1.01344817577953e-05
6e-05 54.457137 -1.8721210352185136e-05 -1.1333249007261514e-05
5.4e-05 67.319346 -2.2950587571506826e-05 -7.659509703383804e-06
4.2e-05 80.213375 -2.8407437990111723e-05 -2.1768972762181704e-05
2.1e-05 93.146059 -3.320455729339145e-05 -2.9699488649725936e-05
-1e-06 106.124536 -3.9037831971164696e-05 -3.9616495557837084e-05
-4.3e-05 119.15629 -4.3624497582034604e-05 -6.390172511316905e-05
-8.8e-05 132.24927 -4.73192796273887e-05 -9.53220726120918e-05
-0.000145 145.412067 -5.145951720346647e-05 -0.0001277137773039172
-0.000212 158.654168 -5.496628078084176e-05 -0.00017567214429536904
-0.000293 171.986261 -5.798564949932369e-05 -0.00022242541394490445
-0.000401 185.420555 -6.0998196063826376e-05 -0.0002761462087619293
-0.000514 198.971178 -6.417276422767665e-05 -0.0003266463453925894
-0.000658 212.654455 -6.747099720183684e-05 -0.00039418642851618557
-0.000821 226.489559 -7.243231897680068e-05 -0.00044845078443245256
-0.001007 240.499183 -7.819023525570558e-05 -0.0005111323089295183
-0.0 0.0 -1.5000000000000002e-06 3.67394039744206e-22
