-0.71 -0.23 -0.005401871264410829 -0.00654839491667758
-0.71 -0.19 -0.0058264047256386675 -0.006544897039248099
-0.71 -0.15 -0.0032040006185241054 -0.005960577595431005
-0.71 -0.11 -0.001533669924356218 -0.005930385481192957
-0.71 -0.07 -0.0010131084111435484 -0.006286095195459751
-0.71 -0.03 -0.0005713790626487025 -0.006787579397025567
-0.71 0.01 0.00012165506365136025 -0.007415657113534646
-0.71 0.05 0.0011026348273901476 -0.00820694611461903
-0.71 0.09 0.002244259104145385 -0.009181680731476405
-0.71 0.13 0.002840832485617284 -0.010220279187464598
-0.71 0.17 0.0020315351758313227 -0.011023663351998891
-0.71 0.21 0.0017653849588441517 -0.011909747663906955
-0.67 -0.31 -0.006692788001259942 -0.007580812358838784
-0.67 -0.27 -0.003385326036806191 -0.0056911910894683615
-0.67 -0.23 -0.00309327739611831 -0.005381841494170203
-0.67 -0.19 -0.0026512343498268365 -0.005171887352915405
-0.67 -0.15 -0.00036712250090431553 -0.0047289229479545725
-0.67 -0.11 0.000752341820231095 -0.004842063283270193
-0.67 -0.07 0.0006870032118513336 -0.00530864145551746
-0.67 -0.03 0.0007378512432012485 -0.005851723078674098
-0.67 0.01 0.001296494330887299 -0.006465693945200801
-0.67 0.05 0.0023758749400712986 -0.007250736935812796
-0.67 0.09 0.003877193981139726 -0.008260623072082751
-0.67 0.13 0.0049569993169313875 -0.009425537180867138
-0.67 0.17 0.004488449616587786 -0.010354233484797248
-0.67 0.21 0.004187136744349118 -0.011284251815339985
-0.67 0.25 0.006206352302598361 -0.013047907575611362
-0.67 0.29 0.005349026151861835 -0.013820190423928125
-0.67 0.33 0.006724588584773983 -0.015569036168670891
-0.63 -0.39 -0.006497512107841885 -0.009112364638184545
-0.63 -0.35 -0.0032608350794873786 -0.006371575044141764
-0.63 -0.31 -0.003657244553835426 -0.005992294939190401
-0.63 -0.27 -0.001055625234641866 -0.00443012510055496
-0.63 -0.23 -0.0014371846519054543 -0.004409543603060229
-0.63 -0.19 -0.0023720973986769422 -0.004646426199641951
-0.63 -0.15 -0.0002747986188182949 -0.004142380623541442
-0.63 -0.11 0.0010799913771677438 -0.00413241420395849
-0.63 -0.07 0.0010551064082164885 -0.0045526548435503855
-0.63 -0.03 0.0010188443810932313 -0.005028293124695438
-0.63 0.01 0.0014973526557753303 -0.005598894486610995
-0.63 0.05 0.0025342227241367254 -0.006319335136804938
-0.63 0.09 0.003924919973513852 -0.007263845710458128
-0.63 0.13 0.004681857816279944 -0.008308478596980251
-0.63 0.17 0.003916424206039437 -0.00905560653179549
-0.63 0.21 0.00433685574873266 -0.0101172852495921
-0.63 0.25 0.0075426808647023336 -0.012336841612949456
-0.63 0.29 0.00691282026585327 -0.01321896488431662
-0.63 0.33 0.00787038524589434 -0.014816773223984114
-0.63 0.37 0.0073244477209470915 -0.015619135963049757
-0.59 -0.43 -0.004897991896143594 -0.009291027992077261
-0.59 -0.39 -0.003406313082990664 -0.007208986614159585
-0.59 -0.35 -0.0013587485527182253 -0.005181511853265874
-0.59 -0.31 -0.002400086294414905 -0.005211197883525642
-0.59 -0.27 -0.0012744938370019554 -0.004253175145706223
-0.59 -0.23 -0.0004844241459238674 -0.0037015721246405064
-0.59 -0.19 -0.0022395060353801455 -0.0042132138079793435
-0.59 -0.15 -0.0011179374751009163 -0.0038605773241968677
-0.59 -0.11 0.00019778848383111836 -0.0037178190962734448
-0.59 -0.07 0.0005705460731064704 -0.003955697923490931
-0.59 -0.03 0.0007869363758459258 -0.004330596455440983
-0.59 0.01 0.001246472556971412 -0.004811024958550902
-0.59 0.05 0.0020127065074007078 -0.005431263263332653
-0.59 0.09 0.0029159336959310167 -0.00622009158075798
-0.59 0.13 0.003268671448410032 -0.007045775064902671
-0.59 0.17 0.0028666197504492175 -0.007732500606024928
-0.59 0.21 0.004373017930362266 -0.00905073519554378
-0.59 0.25 0.007150962037798081 -0.011122119507490424
-0.59 0.29 0.005821231295811913 -0.011565266230164184
-0.59 0.33 0.008957529028151612 -0.014273617931038984
-0.59 0.37 0.008242823482959238 -0.014972482523177177
-0.59 0.41 0.00994438696426414 -0.017215472297237966
-0.59 0.45 0.008390455368100902 -0.01717027951801242
-0.55 -0.47 -0.0033014513335558604 -0.009486003866896908
-0.55 -0.43 -0.0031855549377723946 -0.008157070224029894
-0.55 -0.39 -0.0012369551123754263 -0.005725859079689144
-0.55 -0.35 -0.0019727917753300517 -0.00547495840243073
-0.55 -0.31 -0.0010526192445752258 -0.004334767210607993
-0.55 -0.27 -0.0021870014244314007 -0.0044730552447020955
-0.55 -0.23 -0.0005971803293221001 -0.0034381117740451828
-0.55 -0.19 -0.0014438276830901486 -0.0035976313814529703
-0.55 -0.15 -0.001273248053394127 -0.003475249469104824
-0.55 -0.11 -0.00044786145727471194 -0.0033413722914872324
-0.55 -0.07 0.00022774988744345137 -0.003430159105239028
-0.55 -0.03 0.0007770234620068095 -0.0037013259929867814
-0.55 0.01 0.0012732784429942967 -0.0041110596080162765
-0.55 0.05 0.0017137487527065787 -0.004652704432054122
-0.55 0.09 0.0020890607110857218 -0.005288319025471111
-0.55 0.13 0.002323473936371556 -0.005973621112218552
-0.55 0.17 0.0026873556237205776 -0.006759237192810019
-0.55 0.21 0.0043332878772162076 -0.008091964462181522
-0.55 0.25 0.005367202197646748 -0.009400182817145719
-0.55 0.29 0.005168382735917021 -0.010219819988066092
-0.55 0.33 0.008496133137981587 -0.013069479882787505
-0.55 0.37 0.007437512206564634 -0.013434526393552915
-0.55 0.41 0.010269624230602403 -0.016504428971842344
-0.55 0.45 0.010094044388125667 -0.017487309044810218
-0.55 0.49 0.008982352293060103 -0.01756553204290867
-0.51 -0.51 -0.0027481397451367684 -0.01066213974510788
-0.51 -0.47 -0.0023897169276096974 -0.008876229325494478
-0.51 -0.43 -0.0021619625984783397 -0.007453223367406281
-0.51 -0.39 -0.00048550218926379785 -0.00514332520357641
-0.51 -0.35 -0.0025425603749340553 -0.005839757120057243
-0.51 -0.31 -0.0008204810424956577 -0.0040610178886026915
-0.51 -0.27 -0.0018936544841494651 -0.004172640609226619
-0.51 -0.23 -0.001086462740602201 -0.0033998753536224058
-0.51 -0.19 -0.0003458674393925776 -0.0028992839480039834
-0.51 -0.15 6.65817723586315e-05 -0.0027198288905196932
-0.51 -0.11 0.0003270170908251657 -0.0027371923921748476
-0.51 -0.07 0.0005409774074109919 -0.0028891207479837533
-0.51 -0.03 0.0008395945442316588 -0.003137317967953024
-0.51 0.01 0.0012404972546846693 -0.00349646073049259
-0.51 0.05 0.0017381626655321725 -0.003984212026026057
-0.51 0.09 0.002354591321022781 -0.004619574938971027
-0.51 0.13 0.0030098732843555354 -0.00538422260193272
-0.51 0.17 0.0036023350844516244 -0.006254111694829589
-0.51 0.21 0.004015043539851604 -0.007147488516380918
-0.51 0.25 0.004060185759726664 -0.007923914588104708
-0.51 0.29 0.005338447648085776 -0.009430921211688315
-0.51 0.33 0.006255385073245634 -0.01085013151796943
-0.51 0.37 0.007757618816555123 -0.012811096004185174
-0.51 0.41 0.00807617652975523 -0.014029318386661771
-0.51 0.45 0.010890195155724314 -0.017444172196206864
-0.51 0.49 0.010146017504524707 -0.017839350151405142
-0.51 0.53 0.00951125669502062 -0.018151286369317177
-0.47 -0.55 -0.002774003866932162 -0.012701451333526848
-0.47 -0.51 -0.0021802293254324923 -0.010332716927621277
-0.47 -0.47 -0.0022606706443752955 -0.008960670644341917
-0.47 -0.43 -0.00045763641062990246 -0.006038752460739261
-0.47 -0.39 -0.0019358935717832537 -0.006320613814850162
-0.47 -0.35 -0.001471686084215662 -0.005088425807414865
-0.47 -0.31 -0.0014362021400131653 -0.004361282262593136
-0.47 -0.27 -0.000608394524221012 -0.003325928769228881
-0.47 -0.23 -0.00033746678579404943 -0.0028363773632804623
-0.47 -0.19 -0.00034621905021481325 -0.0026265353606831354
-0.47 -0.15 0.0002546635667499686 -0.0023199797127446686
-0.47 -0.11 0.0009738135218526622 -0.0021906606651072025
-0.47 -0.07 0.0011438516264377085 -0.002351490183269078
-0.47 -0.03 0.001222017980239798 -0.002616615873604289
-0.47 0.01 0.0015345676399647346 -0.002963139737013787
-0.47 0.05 0.00209634874238418 -0.0034359945470328057
-0.47 0.09 0.00280461180446423 -0.0040816490689330465
-0.47 0.13 0.003147417609795866 -0.00476583891333604
-0.47 0.17 0.00311422936599115 -0.0053979553026053395
-0.47 0.21 0.003750332120546318 -0.00631763775596994
-0.47 0.25 0.004577715464904486 -0.0074572316302550234
-0.47 0.29 0.005013821661407292 -0.008501485706020162
-0.47 0.33 0.005033221836214352 -0.009286708948835098
-0.47 0.37 0.007126486683944222 -0.011679723559737454
-0.47 0.41 0.007037190706967067 -0.012491123808189286
-0.47 0.45 0.00878539275876733 -0.014996950513705087
-0.47 0.49 0.010930911426072498 -0.018159354465524302
-0.47 0.53 0.010383193468413765 -0.01860345220899262
-0.47 0.57 0.009588530289704522 -0.018532919712981766
-0.43 -0.59 -0.0035050279920199046 -0.01608599189614779
-0.43 -0.55 -0.002453070224049725 -0.012689554937765024
-0.43 -0.51 -0.0018142233673756891 -0.010188962598505213
-0.43 -0.47 -0.000426752460782609 -0.007203636410594072
-0.43 -0.43 -0.001539480025968487 -0.007155480025971883
-0.43 -0.39 -0.001738848664899706 -0.006249281347194824
-0.43 -0.35 -0.0010399773607900897 -0.004750795526177853
-0.43 -0.31 -0.0005421600834836227 -0.0036777665718403796
-0.43 -0.27 -0.0006167681695217198 -0.0031961335017882675
-0.43 -0.23 0.0001574671749438039 -0.0023762849994710677
-0.43 -0.19 0.00010600869188692741 -0.0021863449965735526
-0.43 -0.15 -0.00019781054814416166 -0.002176399028421372
-0.43 -0.11 0.00028853793128291727 -0.002003606575705419
-0.43 -0.07 0.0005074753343876637 -0.0020505737827818393
-0.43 -0.03 0.00062012772625053 -0.0022155724842143343
-0.43 0.01 0.0008887486557114244 -0.0024692034571227595
-0.43 0.05 0.0013759422490977613 -0.0028403421219671543
-0.43 0.09 0.0019345960393764017 -0.0033610084733339818
-0.43 0.13 0.002210935192380248 -0.003928399011641659
-0.43 0.17 0.002665158878215834 -0.004622062812345007
-0.43 0.21 0.003999878884911823 -0.005844847827560784
-0.43 0.25 0.0040058459531167045 -0.006545003461113197
-0.43 0.29 0.0046689021880013115 -0.007680213103483879
-0.43 0.33 0.0053812986267871565 -0.008944531504241127
-0.43 0.37 0.0054200333676135415 -0.009730424060492737
-0.43 0.41 0.007135855612631303 -0.012088769305080405
-0.43 0.45 0.007072938436209597 -0.012855679758843053
-0.43 0.49 0.008691708248449004 -0.015478458236543702
-0.43 0.53 0.010815238367541724 -0.018969805429776443
-0.43 0.57 0.010717015668234353 -0.01981864867647687
-0.43 0.61 0.010491739938430555 -0.02038156130805646
-0.39 -0.63 -0.003997364638109957 -0.019844512107852097
-0.39 -0.59 -0.0022319866141629063 -0.01475631308295533
-0.39 -0.55 -0.0008758590796418275 -0.010878955112389121
-0.39 -0.51 -0.00039732520352231404 -0.008628502189310439
-0.39 -0.47 -0.001644613814860918 -0.008746893571782266
-0.39 -0.43 -0.0016162813472249127 -0.00739384866486148
-0.39 -0.39 -0.0009183784695210306 -0.00555837846950169
-0.39 -0.35 -0.0005794285278284406 -0.004351974319902752
-0.39 -0.31 -0.0005412785710063872 -0.0036062727102432746
-0.39 -0.27 2.6248316046917353e-05 -0.00264452039661478
-0.39 -0.23 -0.0004637948435117778 -0.002550494394853331
-0.39 -0.19 -0.0001916784269440086 -0.0021043561566926883
-0.39 -0.15 -0.0006040102750546339 -0.002081080875015573
-0.39 -0.11 -0.0003718582614027355 -0.0018841907916851142
-0.39 -0.07 1.3873432209265957e-05 -0.0017873047685732502
-0.39 -0.03 0.0003579673873161937 -0.0018485409702080347
-0.39 0.01 0.0006565031361702722 -0.0020351667470643875
-0.39 0.05 0.000915075823129996 -0.002327676387608335
-0.39 0.09 0.0011448798689031037 -0.002702510738991748
-0.39 0.13 0.0013724307400906355 -0.0031444769133699424
-0.39 0.17 0.0020726997774431766 -0.0038483563132345466
-0.39 0.21 0.002996668419243065 -0.004831667610346813
-0.39 0.25 0.0033879574150290637 -0.005660895778888175
-0.39 0.29 0.004587777046708652 -0.0071657829321338795
-0.39 0.33 0.004645866416169042 -0.007915502352147996
-0.39 0.37 0.005504491535205602 -0.009400184276998402
-0.39 0.41 0.005584132606372805 -0.010206985560500925
-0.39 0.45 0.007182003109733159 -0.012743465126618503
-0.39 0.49 0.007513079648902021 -0.013986048789689676
-0.39 0.53 0.008124177800794996 -0.015579600601142829
-0.39 0.57 0.009865671798110043 -0.018875366474134125
-0.39 0.61 0.01019722475231788 -0.020241018202284522
-0.35 -0.63 -0.0018515750441849832 -0.01681183507946571
-0.35 -0.59 -0.0008595118532923607 -0.012910748552712903
-0.35 -0.55 -0.0013279584024843416 -0.011794791775287194
-0.35 -0.51 -0.0018427571200163584 -0.010838560374935469
-0.35 -0.47 -0.0012074258073937472 -0.00840968608423509
-0.35 -0.43 -0.0009427955261855914 -0.006771977360756409
-0.35 -0.39 -0.000580974319873917 -0.005254428527862842
-0.35 -0.35 -0.0004459942129955152 -0.004215994212970031
-0.35 -0.31 -0.00037596369385539674 -0.003415024985997661
-0.35 -0.27 -0.000316270036009314 -0.002778665456304452
-0.35 -0.23 -0.0008071102388100826 -0.0026509867283692756
-0.35 -0.19 -0.0005441176829634742 -0.002116692456446856
-0.35 -0.15 -7.903524517871574e-05 -0.0016597293907878452
-0.35 -0.11 0.0004509150504503623 -0.0013688838412804216
-0.35 -0.07 0.00068922804953786 -0.0013505543900649286
-0.35 -0.03 0.0007944034162221669 -0.0014732225643410146
-0.35 0.01 0.0010061628881032902 -0.0016718332253917723
-0.35 0.05 0.0013653282888981266 -0.00198590404129817
-0.35 0.09 0.0017652234833178682 -0.002422343181422093
-0.35 0.13 0.0018960271204235823 -0.002873924359015234
-0.35 0.17 0.0019068738724428158 -0.0033193101666455505
-0.35 0.21 0.002019585863934026 -0.0038321515183668
-0.35 0.25 0.002871120998833021 -0.004892086427730646
-0.35 0.29 0.003380844569619512 -0.0058603855004975
-0.35 0.33 0.004666407249388271 -0.00763664112089657
-0.35 0.37 0.00466343508908551 -0.008323688522750672
-0.35 0.41 0.00547298296665133 -0.009924180046681386
-0.35 0.45 0.005481751238775701 -0.010626251592668723
-0.35 0.49 0.006996644583239231 -0.013411502416602161
-0.35 0.53 0.008346223166782352 -0.01619685222397038
-0.35 0.57 0.00855893825875853 -0.017388385164224474
-0.35 0.61 0.008860720310764236 -0.01868485539873177
-0.35 0.65 0.008519857014206877 -0.018796877312212246
-0.31 -0.67 -0.0032638123587673817 -0.022853788001299336
-0.31 -0.63 -0.0019372949392248984 -0.017477244553816718
-0.31 -0.59 -0.0014071978834664378 -0.014219086294446015
-0.31 -0.55 -0.0007577672105725242 -0.011111619244616122
-0.31 -0.51 -0.0006760178885656387 -0.00931048104254728
-0.31 -0.47 -0.0011312822625626495 -0.008528202140041685
-0.31 -0.43 -0.0005677665717911395 -0.006392160083493081
-0.31 -0.39 -0.0005712727102888948 -0.005294278570985966
-0.31 -0.35 -0.000416024985966601 -0.004182963693878605
-0.31 -0.31 -0.00038616278369829615 -0.003382162783680087
-0.31 -0.27 -0.0008702473604245142 -0.0031790864107250627
-0.31 -0.23 -0.000430714711498581 -0.002298530269854382
-0.31 -0.19 0.00013260603182629893 -0.0015678221095427602
-0.31 -0.15 9.53731347408393e-06 -0.0014194496870558737
-0.31 -0.11 0.00021218443966120049 -0.0012028700375452672
-0.31 -0.07 0.0005608751046253246 -0.0011011249763512865
-0.31 -0.03 0.0007657539343597364 -0.0011663463934681317
-0.31 0.01 0.0009725716634534365 -0.0013427281181939144
-0.31 0.05 0.0012359647596156265 -0.0016194781870382258
-0.31 0.09 0.0014316638411457916 -0.0019673217603362048
-0.31 0.13 0.0015075191195421667 -0.0023548628566061325
-0.31 0.17 0.002082605055917952 -0.0030500737403258427
-0.31 0.21 0.002299195171019619 -0.0036505838254896616
-0.31 0.25 0.002273238623644147 -0.004099773083623859
-0.31 0.29 0.0027251223757218668 -0.004997888674068918
-0.31 0.33 0.003413855380813402 -0.006228942824748174
-0.31 0.37 0.004556047216567549 -0.008145959581028706
-0.31 0.41 0.004648758126265307 -0.00892716397345339
-0.31 0.45 0.0052820549479832835 -0.01047582169869088
-0.31 0.49 0.005400250090445979 -0.011352879175262842
-0.31 0.53 0.00605520698756834 -0.013079031301288069
-0.31 0.57 0.007620910017834603 -0.016583963581211947
-0.31 0.61 0.00883593160213536 -0.019741929926709645
-0.31 0.65 0.008860090223635098 -0.020672640791389085
-0.27 -0.67 -0.0016421910894592884 -0.019876326036808223
-0.27 -0.63 -0.0007011251005337726 -0.01521662523467171
-0.27 -0.59 -0.00083417514572659 -0.013408493836976731
-0.27 -0.55 -0.001332055244731123 -0.012525001424421589
-0.27 -0.51 -0.0012686406092541347 -0.010620654484142733
-0.27 -0.47 -0.0006159287692639737 -0.00789139452422205
-0.27 -0.43 -0.0006441335018081418 -0.006621768169480902
-0.27 -0.39 -0.0002115203965757928 -0.004843751683978326
-0.27 -0.35 -0.00042566545631927966 -0.004202270036003597
-0.27 -0.31 -0.0008640864107007928 -0.0039032473604692086
-0.27 -0.27 -0.00043176210576234553 -0.0027467621057581937
-0.27 -0.23 -6.063174538439853e-05 -0.0018958714867949311
-0.27 -0.19 -0.00011815227954059537 -0.001581551604097342
-0.27 -0.15 0.00016260696378367356 -0.0011518850201142072
-0.27 -0.11 -1.3657909633479903e-05 -0.0010831569261640084
-0.27 -0.07 -8.896551591419666e-06 -0.000997676883745413
-0.27 -0.03 0.00026207077367246256 -0.0009527699140452484
-0.27 0.01 0.000498058469560192 -0.0010319280914790063
-0.27 0.05 0.000628548231560444 -0.0012009163391795141
-0.27 0.09 0.000838767825115383 -0.0014789226083742335
-0.27 0.13 0.0013813401924949176 -0.002001200833426253
-0.27 0.17 0.0017993546974963692 -0.002610519624354879
-0.27 0.21 0.0018845621222851605 -0.0030913260950882204
-0.27 0.25 0.002425232756593232 -0.004025585885699456
-0.27 0.29 0.0023106816069287106 -0.004408880244454849
-0.27 0.33 0.002769429479911878 -0.005418636030995572
-0.27 0.37 0.0033122417698905338 -0.006651146129058816
-0.27 0.41 0.004177854057857644 -0.00850470431007011
-0.27 0.45 0.004563592283034268 -0.009775320471788973
-0.27 0.49 0.0048257550196524335 -0.010882222072780223
-0.27 0.53 0.00579834826785941 -0.013418461414630656
-0.27 0.57 0.0064903618776384064 -0.015542430630461013
-0.27 0.61 0.006846255094913545 -0.017130613362581926
-0.27 0.65 0.007235764571007053 -0.018771951744980697
-0.27 0.69 0.006967209096615079 -0.018799201024734202
-0.23 -0.71 -0.0022233949166263756 -0.025059871264403455
-0.23 -0.67 -0.001454841494208381 -0.020000277396093225
-0.23 -0.63 -0.0008785436030791516 -0.01598418465189866
-0.23 -0.59 -0.000538572124682446 -0.012976424145932697
-0.23 -0.55 -0.0005951117740892187 -0.011256180329326071
-0.23 -0.51 -0.0008428753536122713 -0.010098462740586456
-0.23 -0.47 -0.0005163773632261837 -0.007864466785804325
-0.23 -0.43 -0.00025528499944016403 -0.006039532825099059
-0.23 -0.39 -0.0005894943948732134 -0.005488794843472533
-0.23 -0.35 -0.0008059867283378708 -0.0048091102388241325
-0.23 -0.31 -0.000531530269824998 -0.003539714711536135
-0.23 -0.27 -0.00016987148680414066 -0.00240963174537967
-0.23 -0.23 -0.00016009912570780216 -0.0018870991256960679
-0.23 -0.19 -0.0001525373782129691 -0.0014846613124177566
-0.23 -0.15 -0.00026238483977181204 -0.0012522509824819394
-0.23 -0.11 0.00022673157809549593 -0.0007862588104856627
-0.23 -0.07 0.00031163521060761923 -0.0006972414576473795
-0.23 -0.03 0.0001890229547996114 -0.000721083962403668
-0.23 0.01 0.000281539201466785 -0.0007747625739744635
-0.23 0.05 0.0006647867733704516 -0.0009499101681278432
-0.23 0.09 0.0011162889443028234 -0.0013235478477611196
-0.23 0.13 0.0011260904656893445 -0.0016312250458412336
-0.23 0.17 0.0011676094056269903 -0.0019619286911449763
-0.23 0.21 0.0017700109835487865 -0.0028525752458676834
-0.23 0.25 0.0018269236792178845 -0.0033466996512885316
-0.23 0.29 0.0022938272052215325 -0.004362260389200401
-0.23 0.33 0.0021897141136690834 -0.004693763728354838
-0.23 0.37 0.002877114713740525 -0.006236967148183226
-0.23 0.41 0.0034262139514709133 -0.007740729217857734
-0.23 0.45 0.0036700783573877516 -0.008795066351439118
-0.23 0.49 0.004229208445082122 -0.010585444078571982
-0.23 0.53 0.004259731734052252 -0.011288294865408943
-0.23 0.57 0.0047648834742517465 -0.013138885131780853
-0.23 0.61 0.005730541621232987 -0.016313958212833768
-0.23 0.65 0.006546769653283491 -0.019332740324443876
-0.23 0.69 0.006406058518791724 -0.019741175556276858
-0.19 -0.71 -0.002140897039232925 -0.02598240472562452
-0.19 -0.67 -0.0012458873529510583 -0.020024234349790504
-0.19 -0.63 -0.0011664261995818492 -0.017374097398686672
-0.19 -0.59 -0.001160213808013566 -0.015130506035376357
-0.19 -0.55 -0.0009216313814519594 -0.01246982768310545
-0.19 -0.51 -0.0005532839479940321 -0.009680867439385565
-0.19 -0.47 -0.0005635353607047477 -0.008155219050166806
-0.19 -0.43 -0.00036534499660234587 -0.006334991308108329
-0.19 -0.39 -0.00047935615671690357 -0.0054096784269290765
-0.19 -0.35 -0.0006496924564700635 -0.004698117682963243
-0.19 -0.31 -0.000221822109523373 -0.0030873939681868023
-0.19 -0.27 -0.0003145516041058727 -0.0025431522795145156
-0.19 -0.23 -0.00025366131242066103 -0.0019095373781965463
-0.19 -0.19 -0.0002659312899382371 -0.0014929312899241154
-0.19 -0.15 2.598643599327488e-05 -0.0009176422873906631
-0.19 -0.11 -0.0004367669904183913 -0.0009949703628890916
-0.19 -0.07 -1.390095246023293e-05 -0.0006185950877508617
-0.19 -0.03 0.000265559957995265 -0.0005109642171579054
-0.19 0.01 0.00043178888314088226 -0.0005579362570014013
-0.19 0.05 0.0005466471683988061 -0.0007010124127404538
-0.19 0.09 0.00040691365624923037 -0.0008086959424247198
-0.19 0.13 0.0007214889055475737 -0.0011899134617081586
-0.19 0.17 0.0012387347819000638 -0.0019092363838169035
-0.19 0.21 0.0011215781190259122 -0.0021315337104823584
-0.19 0.25 0.0016688171107333005 -0.0031863909351841357
-0.19 0.29 0.0017882270291522673 -0.003820293886619197
-0.19 0.33 0.0019658094383387947 -0.004578195340258162
-0.19 0.37 0.001991011466920156 -0.005089653909237768
-0.19 0.41 0.0025614638999869044 -0.006744579994744981
-0.19 0.45 0.0031976324825748748 -0.008766076932403166
-0.19 0.49 0.003414759532546441 -0.009989274583944052
-0.19 0.53 0.0035384076455002855 -0.010954452905963308
-0.19 0.57 0.00429525137653286 -0.01382775412955084
-0.19 0.61 0.005102747352509596 -0.017138452026387085
-0.19 0.65 0.005522008176797044 -0.01943334376269945
-0.19 0.69 0.005498548210951526 -0.020327885608168117
-0.15 -0.71 -0.0013385775954830592 -0.023908000618519054
-0.15 -0.67 -0.0006549229479446694 -0.0182841225009156
-0.15 -0.63 -0.0005853806235336378 -0.015786798618819375
-0.15 -0.59 -0.0007775773241931461 -0.0144799374751301
-0.15 -0.55 -0.0008222494690883764 -0.012712248053389885
-0.15 -0.51 -0.0004418288904730616 -0.00963241822762484
-0.15 -0.47 -0.00037297971274341535 -0.007878336433265076
-0.15 -0.43 -0.0005153990284227916 -0.006920810548137979
-0.15 -0.39 -0.0006570808750083756 -0.006056010275059975
-0.15 -0.35 -0.00043072939077859473 -0.004426035245202797
-0.15 -0.31 -0.00035044968702635515 -0.0033674626865405344
-0.15 -0.27 -0.00020288502012988374 -0.0023723930361967405
-0.15 -0.23 -0.0003812509824570043 -0.0020913848397867696
-0.15 -0.19 -9.06422873754309e-05 -0.001231013564023442
-0.15 -0.15 -0.00042000487955107246 -0.0012450048795429325
-0.15 -0.11 -1.385621514060631e-05 -0.0006162945577443679
-0.15 -0.07 8.282570750850482e-05 -0.00042501466983324576
-0.15 -0.03 0.00019059162114132278 -0.00034928167578129887
-0.15 0.01 0.00030916631917676796 -0.00036707775461586323
-0.15 0.05 0.000447275399913849 -0.0004970917999749247
-0.15 0.09 0.0005947869946183459 -0.0007348721967730398
-0.15 0.13 0.0006904961460705294 -0.0010335633266009836
-0.15 0.17 0.0006425317755613946 -0.0012348693456658566
-0.15 0.21 0.0011157182323771053 -0.002154205525357611
-0.15 0.25 0.0011239678279437726 -0.0025562797132892
-0.15 0.29 0.0014161040650861878 -0.003502734525838491
-0.15 0.33 0.0017040885392347604 -0.004566794786342143
-0.15 0.37 0.0016070201791009708 -0.0048128497751065424
-0.15 0.41 0.002042250095911413 -0.006447483595536596
-0.15 0.45 0.0024677108907624756 -0.008283132672346483
-0.15 0.49 0.0025516360780812875 -0.009220077855104591
-0.15 0.53 0.0028383700350929075 -0.010849240790690828
-0.15 0.57 0.003151408891284291 -0.012739753786831898
-0.15 0.61 0.0034911067474396873 -0.014877767439656964
-0.15 0.65 0.003765363941603539 -0.01699524374700445
-0.15 0.69 0.0039608353203988145 -0.018822842473724677
-0.15 0.73 0.0038881587535115614 -0.019465439267264628
-0.11 -0.71 -0.0009503854812393797 -0.02287766992435536
-0.11 -0.67 -0.00048806328326378434 -0.017771658179782435
-0.11 -0.63 -0.000358414203994073 -0.014992008622812136
-0.11 -0.59 -0.00046781909621529394 -0.013683211516195115
-0.11 -0.55 -0.0005763722914409186 -0.012358861457272496
-0.11 -0.51 -0.0003981923921756447 -0.009786982909162134
-0.11 -0.47 -0.0002266606651062375 -0.007523186478152866
-0.11 -0.43 -0.00036860657572646005 -0.006743462068726558
-0.11 -0.39 -0.0005341907916900368 -0.006095858261403464
-0.11 -0.35 -0.0002568838412813079 -0.004125084949549773
-0.11 -0.31 -0.00028387003754914986 -0.0033508155603385603
-0.11 -0.27 -0.00032615692615678427 -0.002701657909639721
-0.11 -0.23 -0.0001522588104663214 -0.001718268421896596
-0.11 -0.19 -0.00044597036287541414 -0.0017767669904387162
-0.11 -0.15 -0.00011429455775413544 -0.0008668562151328274
-0.11 -0.11 -4.5603375824043724e-05 -0.0005426033758126891
-0.11 -0.07 -9.317544264320077e-05 -0.00040492982712692083
-0.11 -0.03 -6.977241700667491e-05 -0.0002710288409986106
-0.11 0.01 3.6878241722604344e-05 -0.00019644347651803784
-0.11 0.05 0.00014384231214847887 -0.0002273828691627955
-0.11 0.09 0.00041154319000469286 -0.0005101717009061701
-0.11 0.13 0.0005594905703247832 -0.0008692161285779321
-0.11 0.17 0.0005786362906619047 -0.001162983358334202
-0.11 0.21 0.0007781066320902141 -0.0018264762976230031
-0.11 0.25 0.0007946293096381396 -0.0022265211582919164
-0.11 0.29 0.0010800092999261324 -0.003328115427095213
-0.11 0.33 0.001160858242052143 -0.004030574726115788
-0.11 0.37 0.0012197463926924001 -0.0046941469572345795
-0.11 0.41 0.0013197853591080388 -0.005585290883999505
-0.11 0.45 0.001590834142710662 -0.0072274124019600094
-0.11 0.49 0.001782088728440101 -0.008725758881183765
-0.11 0.53 0.002020099691122823 -0.01057248032995517
-0.11 0.57 0.002019689876433972 -0.011408665723308786
-0.11 0.61 0.002172244637485221 -0.013123629353231081
-0.11 0.65 0.0024302046040816094 -0.015662663569543156
-0.11 0.69 0.0026482709695727635 -0.01817279062723287
-0.11 0.73 0.0024338407759003644 -0.01797421605829186
-0.07 -0.71 -0.0008050951954530206 -0.023070108411161527
-0.07 -0.67 -0.0005236414554623536 -0.01851399678818666
-0.07 -0.63 -0.0004026548435405175 -0.015641893591777034
-0.07 -0.59 -0.0004026979235263184 -0.013886453926886588
-0.07 -0.55 -0.00041015910523611865 -0.012198250112561482
-0.07 -0.51 -0.0003421207480158728 -0.010042022592585909
-0.07 -0.47 -0.0002334901833016545 -0.007768148373543227
-0.07 -0.43 -0.0003095737827756295 -0.006894524665625568
-0.07 -0.39 -0.00037230476856819905 -0.006031126567805245
-0.07 -0.35 -0.0002215543900838668 -0.004164771950456725
-0.07 -0.31 -0.000211124976370769 -0.0032341248953571267
-0.07 -0.27 -0.00030867688374769386 -0.0028848965515919645
-0.07 -0.23 -0.00016924145764818377 -0.0017863647894102996
-0.07 -0.19 -0.00020959508775320046 -0.00146390095245863
-0.07 -0.15 -0.00011001466981852559 -0.000848174292499948
-0.07 -0.11 -0.00014392982713573588 -0.0006271754426379061
-0.07 -0.07 -7.33854014676183e-05 -0.00033038540146534956
-0.07 -0.03 2.3009649336103166e-05 -0.00014213872170998343
-0.07 0.01 7.859381743458016e-05 -7.80848310570903e-05
-0.07 0.05 0.0001857565155027885 -0.0001468260825028267
-0.07 0.09 0.00017559937100486422 -0.00022491347699826747
-0.07 0.13 0.0003609689071986111 -0.0006947993990635837
-0.07 0.17 0.0004406860764483156 -0.0011428090427827442
-0.07 0.21 0.00034178341005031143 -0.0011533502301261933
-0.07 0.25 0.000596082749385829 -0.002321866962063268
-0.07 0.29 0.0006419668848991478 -0.0029341485231526576
-0.07 0.33 0.0006946935805522969 -0.0036552697368961162
-0.07 0.37 0.0007882094757327707 -0.004670821514551449
-0.07 0.41 0.0007515831720183996 -0.005066130007520542
-0.07 0.45 0.0009221471200753228 -0.0067808029147613524
-0.07 0.49 0.0010786011574062115 -0.00866220810181062
-0.07 0.53 0.001166322166309186 -0.010293582116247535
-0.07 0.57 0.0011127564436890225 -0.01086058818432889
-0.07 0.61 0.0011958531907474423 -0.01287314923354188
-0.07 0.65 0.0013660034774467533 -0.015819032290636414
-0.07 0.69 0.0014626466962042173 -0.01849408886261017
-0.07 0.73 0.0012365278265988877 -0.018198790191803482
-0.03 -0.71 -0.000652579397018016 -0.02342137906265407
-0.03 -0.67 -0.00047472307866591734 -0.019201148756792463
-0.03 -0.63 -0.0003732931246869242 -0.016351155618906432
-0.03 -0.59 -0.0003195964554763009 -0.014294063624134878
-0.03 -0.55 -0.00027432599297760873 -0.012219976537977573
-0.03 -0.51 -0.0002453179679839934 -0.010254405455754068
-0.03 -0.47 -0.00020261587359726718 -0.008144982019786084
-0.03 -0.43 -0.00022557248420973508 -0.007188872273758307
-0.03 -0.39 -0.00023554097020372922 -0.006050032612677114
-0.03 -0.35 -0.00018622256431122253 -0.0043755965837704025
-0.03 -0.31 -0.0001663463934420406 -0.003303246065641474
-0.03 -0.27 -0.0001967699140426049 -0.002846929226322459
-0.03 -0.23 -0.00016708396241504886 -0.00210797704519905
-0.03 -0.19 -0.00012896421715602457 -0.0013354400419984813
-0.03 -0.15 -9.928167576944702e-05 -0.0008594083788651119
-0.03 -0.11 -0.00011302884099784194 -0.0006837724170054571
-0.03 -0.07 -4.4138721714048756e-05 -0.0002699903506631074
-0.03 -0.03 -5.9892113576154316e-05 -0.00014389211357546117
-0.03 0.01 -6.419417129421845e-05 1.2064723764027008e-05
-0.03 0.05 3.4624519681614174e-05 2.3292467190572097e-05
-0.03 0.09 0.00012021731290090543 -0.00020865193868857546
-0.03 0.13 0.00015731576469057984 -0.0004860349803408326
-0.03 0.17 0.0002120867291601769 -0.0010134914652084603
-0.03 0.21 0.00017919902409246902 -0.0010803931686353963
-0.03 0.25 0.000286601219887217 -0.0022973434990518626
-0.03 0.29 0.000262593565585334 -0.002628404467401424
-0.03 0.33 0.0002953236212004384 -0.003565559833248244
-0.03 0.37 0.0003244046229795572 -0.00464532368353332
-0.03 0.41 0.000266879287702082 -0.004866350265189112
-0.03 0.45 0.000317004681454236 -0.006659070222042374
-0.03 0.49 0.0003505393397720269 -0.008659475882751622
-0.03 0.53 0.0003285026588386586 -0.010066213639447597
-0.03 0.57 0.00024081952660282013 -0.010686571005635415
-0.03 0.61 0.00023164509115325416 -0.012965116853678182
-0.03 0.65 0.000234663367566057 -0.01612337296424471
-0.03 0.69 0.00018128244600745802 -0.018795496258150024
-0.03 0.73 -2.15024894867355e-05 -0.018546106089303294
0.01 -0.71 -0.0004646571135720201 -0.02359834493634594
0.01 -0.67 -0.00035769394523654796 -0.019450505669112772
0.01 -0.63 -0.00026189448659774683 -0.016621647344209123
0.01 -0.59 -0.00019002495858178037 -0.014503527443025632
0.01 -0.55 -0.00013805960804447182 -0.012348721557003728
0.01 -0.51 -0.00011346073048246197 -0.01041950274529313
0.01 -0.47 -0.0001071397370049354 -0.008345432360044924
0.01 -0.43 -8.620345711429778e-05 -0.007371251344295615
0.01 -0.39 -8.116674708480431e-05 -0.006151496863850525
0.01 -0.35 -9.383322538436545e-05 -0.004518837111888274
0.01 -0.31 -9.672811816541227e-05 -0.003409428336539122
0.01 -0.27 -7.392809147299673e-05 -0.0028869415304342283
0.01 -0.23 -6.276257396997664e-05 -0.0022394607985347648
0.01 -0.19 -5.39362570117774e-05 -0.0013642111168579163
0.01 -0.15 -3.607775461311746e-05 -0.0008968336808194977
0.01 -0.11 -9.443476522985605e-06 -0.0006871217582755662
0.01 -0.07 -1.0848310609823386e-06 -0.00029340618256767925
0.01 -0.03 2.3064723764676387e-05 -0.00017319417129435521
0.01 0.01 3.658437616627097e-05 4.858437616661604e-05
0.01 0.05 3.8109126875518484e-05 9.954563437375441e-05
0.01 0.09 2.9983033086988797e-05 -0.00016615270219944023
0.01 0.13 3.4561403879251884e-05 -0.00039770174960551685
0.01 0.17 1.313722088314151e-05 -0.0009516672450544661
0.01 0.21 1.3478228619412391e-05 -0.0010549571989884043
0.01 0.25 -3.6476359361437005e-05 -0.002228908984207578
0.01 0.29 -5.421669662020179e-05 -0.0025172842019713926
0.01 0.33 -0.00010254991558422688 -0.0034961472139229954
0.01 0.37 -0.0001629055306660021 -0.004579504634492082
0.01 0.41 -0.00020346421780814694 -0.004770032930139223
0.01 0.45 -0.00029188373627908604 -0.0065747681321113305
0.01 0.49 -0.00039932113368568167 -0.008593735551301052
0.01 0.53 -0.0005097172073589284 -0.009956011990141178
0.01 0.57 -0.0006098500353739489 -0.010593452017332083
0.01 0.61 -0.0007618911165838682 -0.01293035811161758
0.01 0.65 -0.0009432979310841638 -0.01612836551947794
0.01 0.69 -0.00114681687781637 -0.01879936456964515
0.01 0.73 -0.001342627256019746 -0.01856878968786191
0.05 -0.71 -0.00029094611460678266 -0.023557365172621303
0.05 -0.67 -0.0002477369358508952 -0.019231125059945953
0.05 -0.63 -0.00015933513683918932 -0.016387777275895132
0.05 -0.59 -4.526326332054964e-05 -0.014473293492613948
0.05 -0.55 2.2295567919883297e-05 -0.012574251247286838
0.05 -0.51 4.778797397975154e-05 -0.01053783733445357
0.05 -0.47 1.400545293961386e-05 -0.008344651257630176
0.05 -0.43 7.565787801411261e-05 -0.007403057750906328
0.05 -0.39 0.00011132361242616184 -0.006347924176878905
0.05 -0.35 2.6095958734373426e-05 -0.004565671711091568
0.05 -0.31 1.8521812968685936e-05 -0.0035020352403734023
0.05 -0.27 0.00010108366082661746 -0.003059451768436361
0.05 -0.23 6.308983187608419e-05 -0.002117213226625836
0.05 -0.19 5.898758726630149e-05 -0.0014703528316033498
0.05 -0.15 4.690820002650753e-05 -0.0009387246000827076
0.05 -0.11 0.0001366171308383457 -0.0007331576878542023
0.05 -0.07 6.817391749791568e-05 -0.000289243484498769
0.05 -0.03 0.00012229246719108744 -0.00013937548031428548
0.05 0.01 0.00012854563437514344 2.8109126875008883e-05
0.05 0.05 3.457584468868902e-05 2.457584469084395e-05
0.05 0.09 -3.5829259203978836e-06 -0.00011504926666461301
0.05 0.13 -9.012049974188585e-05 -0.00047931329932993094
0.05 0.17 -0.00016471634766190846 -0.0009416355820519584
0.05 0.21 -0.00010489154731985195 -0.0009343444987308658
0.05 0.25 -0.0003322459952350698 -0.002171229976198674
0.05 0.29 -0.0003692649371060952 -0.0025921366352292807
0.05 0.33 -0.00047609745222843003 -0.0034194431847396345
0.05 0.37 -0.0006104324457609778 -0.004473400098731872
0.05 0.41 -0.0006526081297799635 -0.004742186664259407
0.05 0.45 -0.0008867186098200364 -0.006503467488272463
0.05 0.49 -0.0011263851950360504 -0.008460774911384306
0.05 0.53 -0.0013282463260608779 -0.009959211056127515
0.05 0.57 -0.0014566770203181534 -0.010547518031557956
0.05 0.61 -0.001743557320434519 -0.012713999309482915
0.05 0.65 -0.0021172916567735456 -0.01580979153828821
0.05 0.69 -0.0024749883276093954 -0.018503838920622684
0.05 0.73 -0.002635716866191018 -0.018220266246260053
0.09 -0.71 -0.00012868073151395265 -0.02345074089589616
0.09 -0.67 -0.00021262307211245002 -0.018664806018847457
0.09 -0.63 -0.00011884571048881298 -0.015859080026473293
0.09 -0.59 9.590841925088966e-05 -0.0143690663040843
0.09 -0.55 0.0002516809745358728 -0.012930939288935406
0.09 -0.51 0.00021342506099841785 -0.010596408678992475
0.09 -0.47 0.00010735093104585758 -0.008244388195521424
0.09 -0.43 0.00024299152664397639 -0.0073884039606184615
0.09 -0.39 0.00036848926101740176 -0.006621120131100611
0.09 -0.35 0.00017165681857989057 -0.004607776516678541
0.09 -0.31 0.00019867823966990272 -0.0037013361588549287
0.09 -0.27 0.00030707739162849634 -0.0031982321748955655
0.09 -0.23 0.0001264521522230666 -0.0019727110556999605
0.09 -0.19 0.00034630405756530536 -0.0018780863437513062
0.09 -0.15 0.00016512780323196807 -0.0010102130053866176
0.09 -0.11 0.00017382829909351472 -0.0006364568099996859
0.09 -0.07 0.00027708652299907044 -0.0004334006289994363
0.09 -0.03 0.00014634806131041955 -0.00015378268710364296
0.09 0.01 7.784729779913846e-05 -4.501696691106005e-05
0.09 0.05 6.095073333511891e-05 -3.958292592187718e-05
0.09 0.09 -1.086748007139704e-05 -0.00016386748006880225
0.09 0.13 -0.00022276523994690933 -0.0005884386799266395
0.09 0.17 -0.0003191073485204754 -0.0009858694361142284
0.09 0.21 -0.00029713014276566696 -0.0011763036664547144
0.09 0.25 -0.0005266715285650037 -0.001999198690441517
0.09 0.29 -0.0007208503667861521 -0.002839295626273497
0.09 0.33 -0.0008328540407589458 -0.0034707981494506157
0.09 0.37 -0.0010099623655186463 -0.004337734169368446
0.09 0.41 -0.0011206112239996457 -0.0049110066871094205
0.09 0.45 -0.0014612769637771805 -0.006558384818902141
0.09 0.49 -0.0017962434066944866 -0.008290214103112703
0.09 0.53 -0.0021408826619797594 -0.010058642342698931
0.09 0.57 -0.00231311979689508 -0.01069509204711494
0.09 0.61 -0.0026833983207410483 -0.012530477507311844
0.09 0.65 -0.0032095933322295878 -0.015310840732809083
0.09 0.69 -0.0037009606712814502 -0.01795903181331937
0.09 0.73 -0.003834633534435028 -0.017669583112478904
0.13 -0.71 0.00014272081250510382 -0.023955167514372988
0.13 -0.67 -0.00013153718091274413 -0.01861600068309599
0.13 -0.63 -8.478597010252997e-06 -0.01603214218371818
0.13 -0.59 0.00034522493510991126 -0.014880328551583943
0.13 -0.55 0.0005893788877529005 -0.013504526063627509
0.13 -0.51 0.0004037773981195869 -0.010661126715632463
0.13 -0.47 0.0003181610866391793 -0.008569582390208552
0.13 -0.43 0.0005116009883678885 -0.007718064807619385
0.13 -0.39 0.0007065230866345473 -0.006936569259920589
0.13 -0.35 0.00044507564097528984 -0.004972972879599524
0.13 -0.31 0.0004851371434142493 -0.0040664808804393715
0.13 -0.27 0.0004087991665855384 -0.0030436598074885524
0.13 -0.23 0.00039577495415699104 -0.0023039095343051486
0.13 -0.19 0.0005020865383045248 -0.0018525110944409562
0.13 -0.15 0.00035743667340426555 -0.0011605038539244106
0.13 -0.11 0.0002647838714224804 -0.0006965094296660368
0.13 -0.07 0.00022320060093505845 -0.00040903109281131833
0.13 -0.03 0.00024696501965593143 -0.00025068423530605344
0.13 0.01 0.00019229825038991066 -0.00014643859612428756
0.13 0.05 -1.3132993288422767e-06 -0.00019112049974268075
0.13 0.09 -0.00017843867992439755 -0.0003947652399531876
0.13 0.13 -0.00031355985624514915 -0.0006955598562399246
0.13 0.17 -0.0001535416110556298 -0.0007010159529201587
0.13 0.21 -0.0007039024467871968 -0.0017446116447956683
0.13 0.25 -0.0006319552806886009 -0.0018911447705391993
0.13 0.29 -0.0010576250438845136 -0.0030436250978738144
0.13 0.33 -0.00128702915962009 -0.003881227866756376
0.13 0.37 -0.0013407294308223072 -0.004262768380030479
0.13 0.41 -0.0017026449424193402 -0.0055123417414790765
0.13 0.45 -0.002162165444758557 -0.0071894188472754195
0.13 0.49 -0.0024718968584664935 -0.008386303543403528
0.13 0.53 -0.00294102089250714 -0.010195469792563472
0.13 0.57 -0.0032703855718594355 -0.011467382892050182
0.13 0.61 -0.003748478280648726 -0.013281013470731295
0.13 0.65 -0.004329211976099145 -0.015578059880510864
0.13 0.69 -0.004899489219056363 -0.017821827393362355
0.13 0.73 -0.005080837596551646 -0.017830626503695157
0.17 -0.71 0.0008223366480066829 -0.02596946482415774
0.17 -0.67 0.00032976651522176326 -0.020169550383400292
0.17 -0.63 0.0005613934682173749 -0.017798575793960936
0.17 -0.59 0.0009124993939479964 -0.01621338024955321
0.17 -0.55 0.000978762807193334 -0.01398064437628932
0.17 -0.51 0.0006538883051803168 -0.01085766491553386
0.17 -0.47 0.000739044697397162 -0.009318770633967688
0.17 -0.43 0.0008089371876636164 -0.00792584112178929
0.17 -0.39 0.0009366436867424 -0.006840300222577866
0.17 -0.35 0.0008796898333898184 -0.005507126127554329
0.17 -0.31 0.0006119262596513408 -0.003977394944087109
0.17 -0.27 0.0005684803756480505 -0.0030646453025013898
0.17 -0.23 0.0007850713088686234 -0.0026483905943592845
0.17 -0.19 0.0004507636161861228 -0.0016622652180871
0.17 -0.15 0.0007851306543500414 -0.0014974682244357496
0.17 -0.11 0.000557016641671737 -0.0009173637093269349
0.17 -0.07 0.0003201909572112527 -0.00053531392356021
0.17 -0.03 0.0002275085347847039 -0.0003669132708452594
0.17 0.01 0.00010433275494392547 -0.0003078627791213151
0.17 0.05 -3.5635582051440906e-05 -0.00036671634766349825
0.17 0.09 -0.00018986943610599383 -0.0005511073485244822
0.17 0.13 2.3984047082592497e-05 -0.000550541611048061
0.17 0.17 -0.0006155564600121011 -0.0013105564600053299
0.17 0.21 -0.0006427775549013859 -0.0016034899207539866
0.17 0.25 -0.0010270737539954666 -0.002406990814705523
0.17 0.29 -0.0012008975816897305 -0.0029840017569995325
0.17 0.33 -0.001608959530280174 -0.004016450852887488
0.17 0.37 -0.0016091101776041228 -0.0042651809748122105
0.17 0.41 -0.0022926080193386156 -0.006040466399582556
0.17 0.45 -0.002987512092559541 -0.008038237892094457
0.17 0.49 -0.0032341938882822774 -0.008921911795624737
0.17 0.53 -0.003656976042705651 -0.010257454721397607
0.17 0.57 -0.004466997057527067 -0.012804401898733886
0.17 0.61 -0.005268403212198791 -0.015528917408431653
0.17 0.65 -0.005896505581794997 -0.017622580165721047
0.17 0.69 -0.0063420500835889015 -0.018966673868703765
0.17 0.73 -0.007044947827886006 -0.02128889361378583
0.21 -0.71 0.0016032523361104722 -0.02754761504115777
0.21 -0.67 0.0009657481846119254 -0.021638863255674323
0.21 -0.63 0.0009807147504261593 -0.018444144251276384
0.21 -0.59 0.001002264804412789 -0.01569098206962849
0.21 -0.55 0.0009980355378189643 -0.013254712122773071
0.21 -0.51 0.0010405114835947415 -0.01128995646016051
0.21 -0.47 0.0010343622440132094 -0.009469667879443477
0.21 -0.43 0.0007381521724738604 -0.007305121115052771
0.21 -0.39 0.001040332389663945 -0.006568331580751874
0.21 -0.35 0.001395848481649864 -0.005989414136067239
0.21 -0.31 0.0009824161744944604 -0.00429780482899389
0.21 -0.27 0.0010056739048991403 -0.0034584378777253733
0.21 -0.23 0.0007584247541529976 -0.0024679890164520657
0.21 -0.19 0.0010384662895148722 -0.0021594218809752874
0.21 -0.15 0.000630794474659524 -0.001354281767603993
0.21 -0.11 0.0006125237023724139 -0.001001893367906348
0.21 -0.07 0.0009846497698760004 -0.0008772165899522122
0.21 -0.03 0.0007936068313654232 -0.0006118009759088494
0.21 0.01 0.0005940428009978405 -0.00048352177138033525
0.21 0.05 0.0005246555012803356 -0.0004478915473136169
0.21 0.09 0.0001316963335540322 -0.0006271301427673848
0.21 0.13 -0.0005486116448025768 -0.0011549024467853997
0.21 0.17 -0.00047948992076385366 -0.0013477775549048943
0.21 0.21 -0.0008503628922227335 -0.0019413628922109183
0.21 0.25 -0.0012169456911266252 -0.0026428401084785946
0.21 0.29 -0.0016668198880722684 -0.0035609417502087126
0.21 0.33 -0.001686213208571985 -0.0038960493277357955
0.21 0.37 -0.0020861460339887117 -0.004828304917054993
0.21 0.41 -0.0026922446575383674 -0.006203096712312117
0.21 0.45 -0.0033764475139292927 -0.007857816101335402
0.21 0.49 -0.004005513951895523 -0.009491865887753193
0.21 0.53 -0.004234850743259244 -0.010148051875802366
0.21 0.57 -0.005213629147803545 -0.012718136258285995
0.21 0.61 -0.006494675321661703 -0.016314628315285518
0.21 0.65 -0.007444247614330379 -0.019110623568138863
0.21 0.69 -0.0077104130461265186 -0.01973092858005998
0.25 -0.67 0.0009470924243970558 -0.02088064769739617
0.25 -0.63 0.00041515838702821384 -0.01638231913528898
0.25 -0.59 0.0005128804924652286 -0.013953037962238568
0.25 -0.55 0.0011928171828685663 -0.013190797802366205
0.25 -0.51 0.0017040854119017013 -0.012156814240256608
0.25 -0.47 0.0012687683697407692 -0.009479284535103716
0.25 -0.43 0.0013509965389033596 -0.008073154046883246
0.25 -0.39 0.0014601042211097592 -0.006892042584965452
0.25 -0.35 0.0015209135722642486 -0.00578387900118571
0.25 -0.31 0.001660226916413876 -0.004922761376334961
0.25 -0.27 0.0011414141142864764 -0.0034527672434307988
0.25 -0.23 0.0012743003486974658 -0.0028890763207840564
0.25 -0.19 0.000943609064819384 -0.0020371828892677968
0.25 -0.15 0.0011347202867284523 -0.0017210321720355637
0.25 -0.11 0.001073478841732367 -0.0013153706903565876
0.25 -0.07 0.0006271330379377105 -0.0009119172506224515
0.25 -0.03 0.000342656500947669 -0.0007573987801148263
0.25 0.01 0.00014209101578899208 -0.0007474763593693368
0.25 0.05 -3.022997618984391e-05 -0.0008512459952392248
0.25 0.09 -5.019869044531333e-05 -0.000991671528563387
0.25 0.13 -9.514477054040071e-05 -0.0011749552806890051
0.25 0.17 -0.0007269908146980697 -0.0017820737539935294
0.25 0.21 -0.0010368401084832612 -0.002312945691116397
0.25 0.25 -0.001488520206393673 -0.0030605202063753723
0.25 0.29 -0.0016352414580467212 -0.0035550400912995883
0.25 0.33 -0.0017779606000090098 -0.004023547991977239
0.25 0.37 -0.002718692506419984 -0.0056373049095128636
0.25 0.41 -0.003714262508054844 -0.007538950513207965
0.25 0.45 -0.003974283042836646 -0.00831950947713267
0.25 0.49 -0.004643490201360123 -0.00986092079463674
0.25 0.53 -0.005284124423297953 -0.011323183777420809
0.25 0.57 -0.0059002665326772785 -0.01277712769447703
0.25 0.61 -0.0068511013728738135 -0.015008407349824893
0.25 0.65 -0.007954569272442313 -0.01770628010839914
0.25 0.69 -0.008108176439378667 -0.017852526972632177
0.29 -0.67 0.0020978095760852966 -0.02310297384812543
0.29 -0.63 0.0013720351157076038 -0.018250179734138783
0.29 -0.59 0.0018237337698536749 -0.016413768704182985
0.29 -0.55 0.002049180011994167 -0.014425617264038237
0.29 -0.51 0.0018010787883326884 -0.011844552351902848
0.29 -0.47 0.0017585142940248488 -0.009943178338573944
0.29 -0.43 0.0016867868964851596 -0.008247097811988624
0.29 -0.39 0.0013672170678518114 -0.006461222953305423
0.29 -0.35 0.0019026144994711558 -0.005986155430392159
0.29 -0.31 0.002049111325931108 -0.005111877624287331
0.29 -0.27 0.0019831197555362223 -0.004154318393091216
0.29 -0.23 0.0014257396108092735 -0.0029561727947680083
0.29 -0.19 0.0014247061133971783 -0.002396772970833183
0.29 -0.15 0.001242265474161286 -0.0018518959349123065
0.29 -0.11 0.000968884572912998 -0.0014099907000684198
0.29 -0.07 0.0009668514768463865 -0.0012040331151013106
0.29 -0.03 0.0009155955326036747 -0.0010754064344062897
0.29 0.01 0.0007137157980281472 -0.001025216696620479
0.29 0.05 0.00036386336476823544 -0.0011042649371120206
0.29 0.09 -0.00012029562626025836 -0.0013568503667791276
0.29 0.13 -0.0005206250978773141 -0.0017336250438830803
0.29 0.17 -0.0006160017570095988 -0.0020448975817046744
0.29 0.21 -0.001307941750212649 -0.002811819888066225
0.29 0.25 -0.001378040091310595 -0.0032082414580401064
0.29 0.29 -0.00151446231646446 -0.0036544623164473933
0.29 0.33 -0.002608471747478802 -0.005154364402315537
0.29 0.37 -0.003378052373591345 -0.006463170269782381
0.29 0.41 -0.003839143011319379 -0.007446512533221039
0.29 0.45 -0.004744696820623062 -0.009134770928568514
0.29 0.49 -0.004984888353632755 -0.009839742390624906
0.29 0.53 -0.00643065206783433 -0.01260446757231648
0.29 0.57 -0.008110726189485717 -0.0160529445793145
0.29 0.61 -0.009010864105363225 -0.01808426587683698
0.29 0.65 -0.009372287464742612 -0.018947299489923353
0.29 0.69 -0.010059839137539939 -0.020477513809936454
0.33 -0.67 0.002501963831349485 -0.023227411415206234
0.33 -0.63 0.0017922267759615806 -0.018623614754147866
0.33 -0.59 0.0010333820689680806 -0.014486470971860399
0.33 -0.55 0.0010465201172280558 -0.012218866862042432
0.33 -0.51 0.002157868482029812 -0.011960614926749713
0.33 -0.47 0.00268429105116752 -0.010885778163782334
0.33 -0.43 0.0020584684957185573 -0.008425701373226957
0.33 -0.39 0.0021844976478462286 -0.007231133583815108
0.33 -0.35 0.0016293588791285174 -0.00546259275060379
0.33 -0.31 0.0022560571752450187 -0.005126144619183037
0.33 -0.27 0.002357363968997106 -0.004344570520089519
0.33 -0.23 0.0024192362716632942 -0.003648285886313829
0.33 -0.19 0.0019288046597409902 -0.0027511905616606214
0.33 -0.15 0.0013842052136538996 -0.0020469114607664096
0.33 -0.11 0.001421425273875343 -0.0017591417579581048
0.33 -0.07 0.0013427302631043858 -0.0015373064194470487
0.33 -0.03 0.0010284401667490783 -0.001387676378795888
0.33 0.01 0.0007338527860696331 -0.0013755499155729822
0.33 0.05 0.0004885568152559472 -0.001469097452229562
0.33 0.09 0.00015720185054135527 -0.0016878540407567755
0.33 0.13 -0.0004932278667553192 -0.0021380291596315715
0.33 0.17 -0.0008264508528839087 -0.0025869595302765447
0.33 0.21 -0.0008680493277353207 -0.0029252132085701987
0.33 0.25 -0.0011155479920006428 -0.0034069605999889063
0.33 0.29 -0.00232436440231254 -0.004754471747475009
0.33 0.33 -0.0029813213139391337 -0.005780321313920922
0.33 0.37 -0.0037542049745127315 -0.0070112904259360675
0.33 0.41 -0.004574565066349123 -0.008393702052131857
0.33 0.45 -0.0051164747594185656 -0.009491556490104358
0.33 0.49 -0.0063104389898995805 -0.011567591227418461
0.33 0.53 -0.0069230460675555605 -0.012810407320614559
0.33 0.57 -0.007943375551604959 -0.014725921407318765
0.33 0.61 -0.009512477282100917 -0.017718064066968964
0.33 0.65 -0.009874064900444068 -0.018486127834108856
0.37 -0.63 0.0032088640369209998 -0.020593552279080996
0.37 -0.59 0.0024405174767991866 -0.016499176517044134
0.37 -0.55 0.0026994736064693825 -0.014454487793386761
0.37 -0.51 0.0021249039958206595 -0.011556381183453368
0.37 -0.47 0.0021552764402912317 -0.009815513316027591
0.37 -0.43 0.003072575939498279 -0.00934696663239265
0.37 -0.39 0.0024438157229980106 -0.0072705084647992635
0.37 -0.35 0.002607311477234475 -0.006295564910914209
0.37 -0.31 0.0019520404189563578 -0.004749952783441813
0.37 -0.27 0.002665853870951196 -0.004503758230129051
0.37 -0.23 0.002359032851813936 -0.00360988528626649
0.37 -0.19 0.0028363460907741 -0.003314988533091423
0.37 -0.15 0.002501150224887283 -0.0026839798209010723
0.37 -0.11 0.002062853042772872 -0.002191253607314536
0.37 -0.07 0.0015781784854596026 -0.0018847905242722618
0.37 -0.03 0.0011446763164570939 -0.001754595377011725
0.37 0.01 0.000796495365506189 -0.0017779055306617053
0.37 0.05 0.0005295999012702168 -0.0019114324457767395
0.37 0.09 0.00034026583062995996 -0.002127962365520375
0.37 0.13 0.00012723161997030275 -0.0024117294308183546
0.37 0.17 -0.00011918097480645429 -0.002765110177620045
0.37 0.21 -0.0008843049170508266 -0.003457146034008929
0.37 0.25 -0.001859304909515913 -0.004435692506433497
0.37 0.29 -0.002802170269774251 -0.005569052373601835
0.37 0.33 -0.003432290425948281 -0.006559204974507793
0.37 0.37 -0.004263653806930279 -0.007808653806918642
0.37 0.41 -0.004974412797295713 -0.00901437634291824
0.37 0.45 -0.00557620271031567 -0.010124381674756933
0.37 0.49 -0.006466795436750772 -0.011631972335180762
0.37 0.53 -0.00886284458964326 -0.015343290898726991
0.37 0.57 -0.010499438742925804 -0.018174513739069198
0.37 0.61 -0.010707211109689752 -0.018857456153796193
0.37 0.65 -0.011247004115872983 -0.019962385608920385
0.41 -0.59 0.0025015277027762295 -0.016205613035737088
0.41 -0.55 0.0018115710281279007 -0.012895375769431894
0.41 -0.51 0.003020681613350007 -0.012411823470245054
0.41 -0.47 0.0033808761918123764 -0.011002809293046312
0.41 -0.43 0.0026782306949257872 -0.008655144387375913
0.41 -0.39 0.0035260144395010684 -0.008141867393646862
0.41 -0.35 0.002846819953362001 -0.006374017033337509
0.41 -0.31 0.002935836026551897 -0.005487241873723292
0.41 -0.27 0.0025092956899186447 -0.004406145942141393
0.41 -0.23 0.0024862707821569074 -0.003765786048504083
0.41 -0.19 0.00275942000527607 -0.003392536100001564
0.41 -0.15 0.002387516404468215 -0.002841749904071378
0.41 -0.11 0.002627709116012511 -0.0026342146408779854
0.41 -0.07 0.0025828699924659304 -0.0024134168279807966
0.41 -0.03 0.0022686497348161083 -0.0022541207123030205
0.41 0.01 0.0018959670698563968 -0.0022174642178085513
0.41 0.05 0.0015028133357475326 -0.0023066081297891117
0.41 0.09 0.0009589933129063866 -0.0025486112239931913
0.41 0.13 2.3658258527348153e-05 -0.0030346449424172306
0.41 0.17 -0.0007964663995778665 -0.0036666080193512585
0.41 0.21 -0.0012110967123248884 -0.004238244657528867
0.41 0.25 -0.002749950513219801 -0.005560262508069513
0.41 0.29 -0.0028255125332350417 -0.0061271430113123415
0.41 0.33 -0.00389570205209111 -0.007425565066341733
0.41 0.37 -0.004597376342928783 -0.008524412797285663
0.41 0.41 -0.005043266248691225 -0.00942126624866546
0.41 0.45 -0.006503755313929105 -0.011421268027447695
0.41 0.49 -0.009083402181630618 -0.014923822119527586
0.41 0.53 -0.009547451754713165 -0.01602477909756317
0.41 0.57 -0.010025158306177673 -0.01706168349889481
0.41 0.61 -0.010120695862667617 -0.017462962137130944
0.45 -0.59 0.005066720481949005 -0.019291544631926172
0.45 -0.55 0.003216690955184731 -0.014453955611912761
0.45 -0.51 0.0018868278037871278 -0.01085280484426221
0.45 -0.47 0.003072049486263495 -0.010413607241275713
0.45 -0.43 0.00403032024115646 -0.009809061563800014
0.45 -0.39 0.003043534873398812 -0.007559996890265097
0.45 -0.35 0.004131748407303348 -0.007324248761264585
0.45 -0.31 0.003309178301265092 -0.005744945052015282
0.45 -0.27 0.0030966795282267867 -0.004849407716918108
0.45 -0.23 0.003229933648583483 -0.00429392164259923
0.45 -0.19 0.0024679230675985764 -0.0034673675174303753
0.45 -0.15 0.002221867327648397 -0.0030682891092155273
0.45 -0.11 0.0026005875980388282 -0.00296316585729528
0.45 -0.07 0.0024231970852497398 -0.002789852879921284
0.45 -0.03 0.001969929777970947 -0.002702995318532686
0.45 0.01 0.0015332318678815682 -0.002754883736268976
0.45 0.05 0.001127532511731033 -0.0029407186098104887
0.45 0.09 0.000647615181094352 -0.003247276963783463
0.45 0.13 -0.0003674188472473361 -0.003810165444768643
0.45 0.17 -0.0015542378920940791 -0.004625512092573558
0.45 0.21 -0.0016728161013190856 -0.005148447513946053
0.45 0.25 -0.0023855094771363383 -0.0060052830428389825
0.45 0.29 -0.003412770928576947 -0.007169696820625404
0.45 0.33 -0.003932556490099159 -0.008060474759389535
0.45 0.37 -0.004690381674748778 -0.00917020271035085
0.45 0.41 -0.0060662680274674585 -0.01089075531390904
0.45 0.45 -0.008692228552547476 -0.014000228552504268
0.45 0.49 -0.008619641452952465 -0.014551342915410714
0.45 0.53 -0.010041285845773018 -0.01667311444057873
0.45 0.57 -0.010948605540988865 -0.018234967018543102
0.49 -0.55 0.0057464679571239685 -0.017082647706928356
0.49 -0.51 0.003955649848592202 -0.012963982495477921
0.49 -0.47 0.0022686455344569367 -0.009525088573923313
0.49 -0.43 0.003694541763422876 -0.009351291751613644
0.49 -0.39 0.004008951210352052 -0.00831992035108442
0.49 -0.35 0.003487497583421373 -0.006819355416723738
0.49 -0.31 0.004516120824746395 -0.006577749909553177
0.49 -0.27 0.004002777927240686 -0.005483244980325708
0.49 -0.23 0.0033855559214259756 -0.004564791554926728
0.49 -0.19 0.0031357254160582215 -0.00402424046745864
0.49 -0.15 0.0031089221448894477 -0.003695363921899286
0.49 -0.11 0.0028642411188286587 -0.0034229112715706833
0.49 -0.07 0.002246791898187439 -0.003238398842594137
0.49 -0.03 0.001614524117229621 -0.003224460660238293
0.49 0.01 0.0011042644487133657 -0.003371321133699201
0.49 0.05 0.000707225088603991 -0.003634385195034895
0.49 0.09 0.00039378589687544263 -0.00398524340668871
0.49 0.13 -0.00013130354341228667 -0.004473896858456783
0.49 0.17 -0.001054911795620228 -0.005192193888277075
0.49 0.21 -0.001964865887742917 -0.006045513951903558
0.49 0.25 -0.002633920794636424 -0.006901490201343563
0.49 0.29 -0.0028667423906085787 -0.007589888353621177
0.49 0.33 -0.004811591227422696 -0.009385438989895079
0.49 0.37 -0.005040972335137894 -0.01014779543675104
0.49 0.41 -0.00844982211950196 -0.01351040218165167
0.49 0.45 -0.008155342915443953 -0.01393364145292253
0.49 0.49 -0.009912290422562364 -0.016267290422547376
0.49 0.53 -0.011120898476008279 -0.018138522841383065
0.53 -0.51 0.006375713630660584 -0.01508974330496926
0.53 -0.47 0.00441654779098144 -0.011417806531625274
0.53 -0.43 0.0026821945702124594 -0.008472761632447146
0.53 -0.39 0.00481439939889583 -0.008867822199192688
0.53 -0.35 0.003013147776016467 -0.0065557768332240585
0.53 -0.31 0.0050229686987108835 -0.006938793012466249
0.53 -0.27 0.0036455385853741973 -0.005462651732159429
0.53 -0.23 0.004798705134589909 -0.005423268265943193
0.53 -0.19 0.004217547094071961 -0.004736592354475988
0.53 -0.15 0.0034617592093297844 -0.004191629964914512
0.53 -0.11 0.002938519670038886 -0.003910900308881082
0.53 -0.07 0.0024754178837440577 -0.003814677833695157
0.53 -0.03 0.00201578636054478 -0.0038554973411635274
0.53 0.01 0.001490988009834382 -0.004038717207360598
0.53 0.05 0.0009007889438521488 -0.004347246326052101
0.53 0.09 0.00026735765729313243 -0.004785882661966667
0.53 0.13 -0.0003604697925823075 -0.005362020892519581
0.53 0.17 -0.0008554547214032482 -0.005980976042721409
0.53 0.21 -0.0011410518758054877 -0.006592850743246004
0.53 0.25 -0.002655183777392267 -0.007803124423304553
0.53 0.29 -0.004232467572307996 -0.009254652067852476
0.53 0.33 -0.004688407320600163 -0.010177046067568085
0.53 0.37 -0.007425290898737558 -0.012681844589678803
0.53 0.41 -0.008271779097555054 -0.014065451754674996
0.53 0.45 -0.009022114440568885 -0.015412285845798124
0.53 0.49 -0.010559522841361968 -0.017476898475990765
0.53 0.53 -0.01185048440453329 -0.019398484404490546
0.57 -0.47 0.007320080286973507 -0.013713469710353365
0.57 -0.43 0.0045203513234923776 -0.00991898433179017
0.57 -0.39 0.00408563352587521 -0.008372328201886603
0.57 -0.35 0.004304614835774601 -0.007505061741269969
0.57 -0.31 0.003922036418799735 -0.006464089982145538
0.57 -0.27 0.00384656936950023 -0.005794638122381457
0.57 -0.23 0.005215114868207138 -0.005885116525760736
0.57 -0.19 0.003545245870469671 -0.004876748623473759
0.57 -0.15 0.0037122462131549128 -0.00471759110872938
0.57 -0.11 0.004184334276686741 -0.00468931012356677
0.57 -0.07 0.003922411815665328 -0.004596243556303392
0.57 -0.03 0.0033534289943872864 -0.0046111804733879325
0.57 0.01 0.0027495479826598057 -0.004762850035392674
0.57 0.05 0.002157481968453112 -0.005046677020313695
0.57 0.09 0.0014229079528718103 -0.005463119796914384
0.57 0.13 0.00010961710793822022 -0.006154385571875309
0.57 0.17 -0.0017214018987203872 -0.007192997057522632
0.57 0.21 -0.0020641362582694 -0.007929629147781725
0.57 0.25 -0.002507127694485689 -0.008741266532680925
0.57 0.29 -0.006124944579312341 -0.01119972618947429
0.57 0.33 -0.005081921407310119 -0.011414375551623834
0.57 0.37 -0.00877451373906979 -0.01448243874290256
0.57 0.41 -0.007839683498843897 -0.01466215830620854
0.57 0.45 -0.009148967018546728 -0.016379605540976172
0.61 -0.43 0.00692743869197443 -0.011647260061522502
0.61 -0.39 0.005536981797717999 -0.00940377524770497
0.61 -0.35 0.0057011446012324996 -0.008464279689263776
0.61 -0.31 0.0033600700732563382 -0.006417068397908565
0.61 -0.27 0.004776386637445285 -0.006532744905086929
0.61 -0.23 0.004478041787166376 -0.00593645837875556
0.61 -0.19 0.0026025479735949375 -0.00503125264751958
0.61 -0.15 0.0038792325603651534 -0.005277893252554122
0.61 -0.11 0.00470237064672574 -0.005386755362529527
0.61 -0.07 0.004089850766433756 -0.00530314680926125
0.61 -0.03 0.0031908831463169918 -0.005355354908838095
0.61 0.01 0.00247564188839533 -0.005580891116583775
0.61 0.05 0.001995000690527604 -0.005948557320451187
0.61 0.09 0.001542522492684384 -0.006417398320749612
0.61 0.13 0.00020598652926651084 -0.007148478280640802
0.61 0.17 -0.0025769174084189217 -0.008461403212201901
0.61 0.21 -0.0038456283152754622 -0.009618675321661385
0.61 0.25 -0.002963407349824365 -0.010041101372891603
0.61 0.29 -0.006403265876826936 -0.01240386410538008
0.61 0.33 -0.006352064066931007 -0.013235477282123043
0.61 0.37 -0.00775345615377887 -0.014875211109668385
0.61 0.41 -0.006560962137143633 -0.014897695862629234
0.65 -0.35 0.008573122687778323 -0.010189142985751687
0.65 -0.31 0.0052733592085871805 -0.007669909776424788
0.65 -0.27 0.00586704825502693 -0.007323235428998487
0.65 -0.23 0.004096259675549163 -0.006229230346733061
0.65 -0.19 0.0028656562373043926 -0.0056439918232200625
0.65 -0.15 0.004250756252986321 -0.005967636058386461
0.65 -0.11 0.00459033643045359 -0.006033795395914865
0.65 -0.07 0.0035039677093777755 -0.005972996522544349
0.65 -0.03 0.002334627035736503 -0.006139336632418946
0.65 0.01 0.001522634480522811 -0.0064932979310685646
0.65 0.05 0.001093208461696804 -0.006988291656792711
0.65 0.09 0.0009051592671767139 -0.007557593332229828
0.65 0.13 5.940119478964334e-06 -0.00828121197610443
0.65 0.17 -0.002612580165731515 -0.009591505581809656
0.65 0.21 -0.004609623568143206 -0.011016247614307417
0.65 0.25 -0.0036602801083915892 -0.011528569272456934
0.65 0.29 -0.005288299489933479 -0.013087287464728092
0.65 0.33 -0.00516012783413089 -0.013857064900420824
0.65 0.37 -0.0069013856089270575 -0.01562500411584722
0.69 -0.27 0.008891798975270149 -0.00888779090335845
0.69 -0.23 0.0066088244437310095 -0.007563941481222969
0.69 -0.19 0.004792114391818814 -0.006788451789049077
0.69 -0.15 0.005152157526282508 -0.006821164679621461
0.69 -0.11 0.004737209372763118 -0.006781729030436168
0.69 -0.07 0.0034159111374094664 -0.0067853533037940394
0.69 -0.03 0.0021855037418561096 -0.007029717553992398
0.69 0.01 0.0013246354303646513 -0.00748381687782107
0.69 0.05 0.0008261610793738328 -0.008073988327584658
0.69 0.09 0.0006369681866829069 -0.008701960671306352
0.69 0.13 0.00010717260664705464 -0.009446489219051557
0.69 0.17 -0.0016336738686959507 -0.010568050083598735
0.69 0.21 -0.0029319285800681882 -0.01174641304609736
0.69 0.25 -0.0015205269726550341 -0.012080176439368984
0.69 0.29 -0.004539513809959317 -0.014094839137513304
0.73 -0.15 0.007593560732743754 -0.008014841246456683
0.73 -0.11 0.007918783941732954 -0.008043159224094154
0.73 -0.07 0.006618209808181064 -0.007980472173386488
0.73 -0.03 0.005282893910703024 -0.008125502489480851
0.73 0.01 0.0043462103121498785 -0.008496627255997868
0.73 0.05 0.0038557337537383773 -0.008986716866186129
0.73 0.09 0.00363041688751764 -0.00952063353441801
0.73 0.13 0.0027833734963280676 -0.010241837596545622
0.73 0.17 -0.0012918936137680248 -0.011806947827871284
-0.75 0.0 -0.00023636796566961493 -0.008290000000030323
-0.71 0.0 -8.382565710007839e-05 -0.0072490000000285945
-0.67 0.0 0.0010999157221078804 -0.006288000000026889
-0.63 0.0 0.001320951703036144 -0.005440000000025205
-0.59 0.0 0.0011102158929077177 -0.004679000000023537
-0.55 0.0 0.0011478010891039503 -0.004001000000021885
-0.51 0.0 0.0011312118314492636 -0.0033970000000202454
-0.47 0.0 0.0014311582014272517 -0.0028670000000186185
-0.43 0.0 0.0008071589545579627 -0.0023950000000170016
-0.39 0.0 0.0005872685111967257 -0.0019790000000153934
-0.35 0.0 0.0009477342243968678 -0.001612000000013794
-0.31 0.0 0.0009176053656432259 -0.0012920000000122014
-0.27 0.0 0.0004440212294554158 -0.0010050000000106148
-0.23 0.0 0.00023201165789998868 -0.0007590000000090335
-0.19 0.0 0.0003867949254612313 -0.0005360000000074564
-0.15 0.0 0.00028163748223164475 -0.00035200000000588276
-0.11 0.0 2.3614722643117148e-05 -0.0002000000000043119
-0.07 0.0 5.512774546545529e-05 -8.500000000274302e-05
-0.03 0.0 -7.933490442013635e-05 -2.6000000001175348e-05
0.01 0.0 2.4943130143562087e-06 -2e-06
0.05 0.0 0.0001328198956507265 -7e-06
0.09 0.0 9.139982892492071e-05 -6e-05
0.13 0.0 0.00022267856302704558 -0.000162
0.17 0.0 0.0001367968241297035 -0.000313
0.21 0.0 0.0006274599815299098 -0.000505
0.25 0.0 0.00018917332849355262 -0.000741
0.29 0.0 0.0007776132555790127 -0.001026
0.33 0.0 0.0008038863108339456 -0.001364
0.37 0.0 0.0008742937223189529 -0.001764
0.41 0.0 0.001990791575252615 -0.002215
0.45 0.0 0.0016337378926323254 -0.002736
0.49 0.0 0.001221560043319414 -0.003319
0.53 0.0 0.0016309152843234642 -0.003978
0.57 0.0 0.002897026461681662 -0.004714
0.61 0.0 0.0026319020131495563 -0.005513
0.65 0.0 0.0016841073956754826 -0.0064
0.69 0.0 0.001504014642648599 -0.007355
0.73 0.0 0.004539820436690434 -0.00839
0.0 -0.75 -0.0006750000000151611 -0.027210367965665228
0.0 -0.71 -0.0005150000000142972 -0.023582825657086914
0.0 -0.67 -0.00039200000001344474 -0.019435084277887427
0.0 -0.63 -0.0002870000000126022 -0.016608048296973266
0.0 -0.59 -0.00021900000001176843 -0.01447378410708211
0.0 -0.55 -0.00017700000001094225 -0.012307198910889383
0.0 -0.51 -0.00014800000001012275 -0.010381788168558614
0.0 -0.47 -0.00013400000000930918 -0.008312841798556292
0.0 -0.43 -0.00012300000000850072 -0.00733884104542426
0.0 -0.39 -0.00012300000000769687 -0.006123731488798967
0.0 -0.35 -0.00012100000000689704 -0.00448326577560465
0.0 -0.31 -0.00011700000000610072 -0.0033773946343558237
0.0 -0.27 -0.00010700000000530741 -0.002864978770546145
0.0 -0.23 -9.70000000045167e-05 -0.0022309883420916776
0.0 -0.19 -7.400000000372819e-05 -0.0013492050745398387
0.0 -0.15 -5.5000000002941395e-05 -0.0008843625177661352
0.0 -0.11 -3.4000000002155956e-05 -0.0006813852773603912
0.0 -0.07 -1.6000000001371508e-05 -0.0002918722545324215
0.0 -0.03 -1.2000000000587675e-05 -0.00017733490441962374
0.0 0.01 1.999999999804114e-06 1.349431301411741e-05
0.0 0.05 2.8999999999020464e-05 9.081989565196125e-05
0.0 0.09 5.099999999823636e-05 -0.0001756001710759847
0.0 0.13 6.399999999745147e-05 -0.00040032143697033007
0.0 0.17 5.99999999966654e-05 -0.0009622031758667049
0.0 0.21 5.3999999995877814e-05 -0.0010755400184763175
0.0 0.25 4.199999999508821e-05 -0.0022458266715119635
0.0 0.29 2.0999999994296292e-05 -0.002526386744420961
0.0 0.33 -1.0000000064984687e-06 -0.0035131136891664028
0.0 0.37 -4.30000000072965e-05 -0.004599706277687687
0.0 0.41 -8.800000000809823e-05 -0.0047902084247652965
0.0 0.45 -0.00014500000000890434 -0.006599262107357617
0.0 0.49 -0.0002120000000097153 -0.008616439956682598
0.0 0.53 -0.00029300000001053174 -0.009966084715671286
0.0 0.57 -0.00040100000001135435 -0.010617973538302294
0.0 0.61 -0.0005140000000121843 -0.012956097986830173
0.0 0.65 -0.0006580000000130223 -0.016164892604308534
0.0 0.69 -0.0008210000000138697 -0.01883098535734007
0.0 0.73 -0.0010070000000147275 -0.018594179563308444
0.0 0.0 -0.00019100000000000006 0.0
