8.639292 2.798712 -0.007738585387158992 -0.005458103093943123
8.639312 2.312014 -0.006873848170897645 -0.004510715862529935
8.639337 1.825309 -0.003951925276965085 -0.0034943419314430457
8.63935 1.338601 -0.0021778561538781105 -0.003050767377970942
8.639364 0.851897 -0.0013067767986285617 -0.002835164859419592
8.639366 0.3652 -0.0008326815111843189 -0.002572379164673677
8.639361 -0.121501 -0.00030310330512861583 -0.002541109419480936
8.639361 -0.6082 0.0006658259723337778 -0.002615866165566416
8.639351 -1.094905 0.0015172431900225547 -0.0030324520302613678
8.639341 -1.581608 0.0019094623621640494 -0.0034705658587910193
8.639319 -2.068303 0.0008513809561350172 -0.003529402204236476
8.639293 -2.555001 -0.00010551712969686378 -0.003690021948472122
8.152546 3.772142 -0.008953192914475494 -0.0067710186185649945
8.15258 3.285441 -0.005208066693768387 -0.004452152347766969
8.152602 2.798736 -0.004448497865809031 -0.003642536602342261
8.152614 2.312031 -0.003991162576852503 -0.0029689871079696672
8.152616 1.825317 -0.0015884260309917408 -0.002184976231212943
8.152611 1.338604 0.0003927003168371357 -0.0017846466928332916
8.152603 0.851899 0.0013125107271036995 -0.0016195593476311387
8.152598 0.365197 0.0019047896403776576 -0.0016166508999475582
8.152597 -0.121505 0.0025533244477173866 -0.0017563501225406064
8.152595 -0.608209 0.003152421455467902 -0.002093415035250956
8.152596 -1.094911 0.00367726465577789 -0.002471732426450046
8.152593 -1.581612 0.0033806768700230805 -0.002800003695874409
8.152592 -2.068319 0.0022949382061483448 -0.0030762093913807576
8.15259 -2.555028 0.0022106353433173354 -0.003605075346641229
8.152569 -3.041733 0.0037316896696495405 -0.004814293255890334
8.15254 -3.528432 0.00250476562959534 -0.005025264223931458
8.152505 -4.015127 0.0022229238583122424 -0.005597331320473131
7.665782 4.745587 -0.009980564631177913 -0.008479212238512446
7.665823 4.258887 -0.006029158792415501 -0.005300403566167233
7.665847 3.772172 -0.005945003803532245 -0.004726407847400083
7.665854 3.285456 -0.0032080675297549988 -0.002925529923004433
7.665846 2.798736 -0.0011497454785569516 -0.0017779331196692283
7.665827 2.312022 -0.0013418220372614087 -0.0014857825117005063
7.665806 1.825304 -0.0010408224280240574 -0.0013111935166492117
7.665786 1.33859 -0.0004775277589601501 -0.0011956409405726731
7.665771 0.851888 5.9190645885109916e-05 -0.0010198815953508245
7.665759 0.365189 0.0004892904303233081 -0.000949391563768387
7.665753 -0.121506 0.0009596373461135954 -0.0009558663993791683
7.66575 -0.608205 0.001385052093411332 -0.0011838068256508905
7.665758 -1.094906 0.0019671766979740823 -0.0015506000661176245
7.665767 -1.581608 0.002395852796382769 -0.002006597971664803
7.665781 -2.068317 0.0029594070560676755 -0.0026901945524571147
7.665795 -2.555022 0.004143368584578866 -0.0035113706543370427
7.665807 -3.041744 0.004982887448704787 -0.004774755985209822
7.665811 -3.528455 0.0031047831535886417 -0.0046749405357218166
7.665796 -4.015165 0.00398115348255601 -0.005969486378404554
7.665762 -4.50187 0.002937469084855593 -0.006430324213468452
7.179057 5.232332 -0.00842355113712756 -0.008126143214838066
7.179094 4.745628 -0.0063587124748210044 -0.005778107454688097
7.179105 4.258906 -0.004186016046446639 -0.003760036431657454
7.17909 3.77217 -0.0023798352049198 -0.0023529225995275738
7.179065 3.285438 -0.0024880299751259827 -0.002034641289455408
7.179034 2.798711 -0.0018479136562632448 -0.0014261263951595993
7.179004 2.311996 -0.0014415657336712684 -0.0009151558525601899
7.178976 1.82528 -0.0009250974666485945 -0.0006856345172110423
7.178956 1.338569 -0.00023634569043906595 -0.000595259585487895
7.178939 0.851871 0.00032648565880322167 -0.0004370714696904088
7.178926 0.365178 0.000755090754722687 -0.00037341038042804087
7.178919 -0.121512 0.0011354507041971829 -0.000402655715882716
7.178916 -0.608205 0.0014333451863990376 -0.0006238125266335715
7.178918 -1.0949 0.0016643442208419401 -0.0009619532561444544
7.178923 -1.581597 0.0017695367645842452 -0.0013667912758847933
7.17894 -2.068301 0.002079535362781826 -0.0019510602115815345
7.178961 -2.555009 0.002586070629178039 -0.002659928856317606
7.178987 -3.041722 0.003155717856486717 -0.003473683803989047
7.179015 -3.528442 0.003953327538766871 -0.004556152593295337
7.179032 -4.015175 0.005271222898414862 -0.00639738093326514
7.179036 -4.501896 0.0030997410041777584 -0.006042928733563713
7.179017 -4.988606 0.004558892543911952 -0.007997956817320073
7.178982 -5.475301 0.0023544484637341156 -0.00731433683174032
6.692326 5.719084 -0.0072413561020141515 -0.0077861720423300085
6.692357 5.232369 -0.006636873526190357 -0.006465133343652951
6.692355 4.745634 -0.0030376552882671604 -0.0030716264495112
6.692328 4.258886 -0.0033062554485638884 -0.0027785212204634036
6.692291 3.772142 -0.002681644301333108 -0.0019385985752080614
6.692259 3.285407 -0.002065642065474549 -0.0012972011266469963
6.692223 2.798683 -0.0012962182658498023 -0.0005963343388799558
6.692197 2.311969 -0.0005272531262505709 -9.346636181817303e-05
6.692174 1.825258 -3.593093646259149e-05 6.0889644963424416e-05
6.692157 1.338554 0.0003939484126078696 0.00010300146202268934
6.692146 0.851859 0.0008150427595410292 0.0001523896664679114
6.692134 0.365169 0.0010907786175380352 0.0001481172296635691
6.692126 -0.12152 0.0013724084270734238 2.6626569434196057e-05
6.69212 -0.608206 0.0015910232577027728 -0.00014023637261928457
6.692115 -1.094899 0.0017433157784125797 -0.0005735921093332763
6.692116 -1.58159 0.0019567622862837197 -0.0009990629891021285
6.692122 -2.068283 0.002126125159207959 -0.0014752572730429847
6.692136 -2.554985 0.002273029454187281 -0.0021066798857845015
6.692162 -3.041694 0.0024116051887403955 -0.002755633841061922
6.692189 -3.528419 0.0026258935916985138 -0.0037880647612240637
6.692222 -4.015149 0.0032184529711400955 -0.004953216817781936
6.692256 -4.501887 0.004373704453030314 -0.0066326467750030815
6.692278 -4.988621 0.0043494740149299105 -0.007559008045319615
6.692271 -5.475339 0.004113426850778978 -0.008392486719969838
6.692229 -5.962043 0.0023435295431966097 -0.008273518819436276
6.205591 6.205832 -0.006990263637163707 -0.008384106184138318
6.20562 5.719116 -0.006219526010283971 -0.006703611221183792
6.205615 5.232365 -0.0032586471225499736 -0.0035364633468475404
6.205581 4.745606 -0.003322655616926795 -0.002967484018611799
6.20554 4.25885 -0.0028026487542831546 -0.0020996490180777982
6.205503 3.772106 -0.0018773011068731194 -0.0011253354167166663
6.20547 3.285375 -0.0010912251428578656 -0.00037274931450781423
6.205448 2.798659 -0.0004624385718159374 0.00018471820305876463
6.205427 2.311951 -4.6834789173999525e-05 0.0005556459386824031
6.205416 1.825242 0.0004145818176652938 0.000573958826606713
6.205402 1.338538 0.0005831209902567025 0.00046270648317658924
6.205387 0.851846 0.0005915424214606446 0.00048122019539320604
6.205376 0.365159 0.0006672429926197765 0.0004993945842652892
6.205365 -0.121527 0.000770510376042921 0.0004242898937487638
6.20536 -0.608212 0.0010802341601277021 0.00025355804738325105
6.205354 -1.094902 0.0013743133681316522 -0.00016961259867542822
6.205353 -1.58159 0.0017266333927068445 -0.000613391271144792
6.205352 -2.068279 0.001942295950669859 -0.0011201621031062814
6.205353 -2.554974 0.0020127272146055475 -0.0017469217304437734
6.205363 -3.041677 0.002179671406452144 -0.0025214137847768825
6.205381 -3.528392 0.0022542531273188615 -0.003448685152818598
6.205415 -4.015114 0.002344652155784388 -0.004177648807797141
6.205451 -4.501852 0.0027822914173611935 -0.005392806484337598
6.205489 -4.988595 0.00340768174146433 -0.006740405812479366
6.205517 -5.47535 0.004585454922619192 -0.009019141706232858
6.205517 -5.962081 0.0033921544279280624 -0.009124161416963261
6.205485 -6.44878 0.0023510598282427964 -0.009156525455239262
5.718858 6.692588 -0.007126979088923235 -0.009478076006132596
5.718888 6.205866 -0.006131305786681196 -0.007492221161470525
5.718879 5.719108 -0.003557013969526679 -0.004092156207207154
5.718844 5.232335 -0.0033889546499779044 -0.0033178745432564938
5.718805 4.745565 -0.0027815743839880724 -0.002367626907513909
5.718766 4.258819 -0.0017937346890164463 -0.0009530809273599061
5.718738 3.772077 -0.0010741009612047492 -0.0002894395022963181
5.718716 3.285353 -0.0005596860966079475 0.000256395716149882
5.718701 2.798642 -0.00019955384232162032 0.000663556597629622
5.718686 2.311936 -0.00027287060797220875 0.0007797095269594934
5.718669 1.825229 -0.0004323656096119066 0.0007046131338341866
5.718652 1.338525 -0.00026980281353417013 0.0006329820354338267
5.718636 0.851833 -7.647525683296408e-05 0.00069116166500649
5.718625 0.365147 0.00010331645475503137 0.0007251932026246521
5.71862 -0.121536 0.00035733210506805335 0.0006978404834065977
5.718608 -0.608224 0.00033307782376823525 0.00043550231690403507
5.7186 -1.094908 0.0003069030705091791 0.00020161231714155292
5.7186 -1.581591 0.00040115114336458646 -3.0193571149084164e-05
5.7186 -2.068281 0.0006919640680962402 -0.0005602052857014428
5.718604 -2.554974 0.0013852452343030563 -0.0013453389718165454
5.718601 -3.041676 0.0016246196839801996 -0.0023375410191590618
5.718606 -3.528375 0.001701366715764152 -0.0030772336109663456
5.718621 -4.015085 0.0018114978832670658 -0.003896172348163418
5.718656 -4.50181 0.001988776998530284 -0.004670370600734941
5.718699 -4.988563 0.0023279793972506013 -0.005986177212747634
5.718732 -5.475325 0.0027088594840449787 -0.0076542457984487555
5.718764 -5.962085 0.004031638599968801 -0.010140137805535687
5.718764 -6.448812 0.002906802268626052 -0.009984047963513376
5.718735 -6.935516 0.001730347405498378 -0.009785224796473813
5.232109 7.179335 -0.008274322400751544 -0.011941328823724007
5.232144 6.692623 -0.006762404774690367 -0.008866098549702883
5.232139 6.205866 -0.003938705852135627 -0.004474948875156315
5.232106 5.719077 -0.0038421065667932908 -0.0038594564530285425
5.232066 5.232298 -0.00323679691055645 -0.002633965871524424
5.232031 4.745535 -0.0021914191372900405 -0.0011868148105236287
5.232005 4.258792 -0.0015165227273428172 -0.00024322493098338782
5.23199 3.772058 -0.0009254574067654175 0.00026618654379717555
5.23197 3.285341 -0.0010611279571435261 0.0005347373247417408
5.231954 2.798626 -0.0011090073665798172 0.0006443104632865015
5.23193 2.311922 -0.0009084328398500929 0.0010601208858176392
5.231909 1.825211 -0.0008743869064460341 0.0009472553200069456
5.231892 1.338508 -0.000649798046140404 0.0008634975188073213
5.231868 0.851817 -0.0006429099127842619 0.000882329415553329
5.231853 0.365132 -0.0005598351641253885 0.0008598924800899965
5.23184 -0.121545 -0.0005686446219215213 0.0009000682619380029
5.231831 -0.608227 -0.0005688789680959871 0.0007148052735459487
5.231834 -1.094908 -0.0004087345255072705 0.000501410287036208
5.231834 -1.581591 -0.00044810903264647095 0.00022861935318019277
5.23184 -2.068285 -0.00022044373159246788 -0.00037568485784333916
5.231842 -2.554972 -0.0001686005619774278 -0.0007869916368008489
5.231846 -3.041674 -4.0993487516516325e-05 -0.001611659216465
5.231851 -3.528368 0.00067574736291931 -0.0025976083013148354
5.231861 -4.01507 0.0010545174722835782 -0.0035117297054654273
5.23187 -4.50179 0.0010264069498191475 -0.004569749740028328
5.231891 -4.988524 0.0008845568333128995 -0.0055060770047532515
5.231936 -5.475279 0.0011721755598728123 -0.006603708442497691
5.231986 -5.962052 0.002008554088007486 -0.008439408592010977
5.232017 -6.448819 0.0029251275002764032 -0.01069690046185201
5.232012 -6.93555 0.002566851023942718 -0.011508560031955994
5.231973 -7.422251 0.0011939902815356618 -0.011253498170276544
4.745376 7.666085 -0.008929598271066652 -0.014865748728425388
4.745414 7.179382 -0.006465340955770671 -0.009748712749512833
4.74542 6.692628 -0.003900487085203963 -0.005202135218297599
4.745393 6.205835 -0.003886996542590282 -0.004563799264957424
4.745353 5.719039 -0.00334221390441769 -0.0032789627600209315
4.745321 5.232266 -0.002258532936878055 -0.001536038431623865
4.745296 4.745515 -0.0015893674710412142 -0.0003808328665826366
4.74528 4.258774 -0.0011302206309693474 0.0002031049705379928
4.745266 3.772043 -0.001280723113040949 0.00019615014153373522
4.745243 3.285321 -0.0011079356032439591 0.0006325195495406888
4.745217 2.798604 -0.001097317455290181 0.0008661725057805825
4.745187 2.311895 -0.0009637586648665319 0.0011615173044745575
4.745157 1.825185 -0.0010819237962067518 0.0010399862364849355
4.745129 1.338481 -0.0011288420416377676 0.0008519941127431707
4.745102 0.851795 -0.0011301036226143424 0.0009226844996490513
4.745082 0.365116 -0.0011268188714694816 0.0009431394317012121
4.745068 -0.121556 -0.0011715552174393906 0.0009894820512652558
4.745065 -0.608227 -0.0011158726296827126 0.0009706203801052027
4.745067 -1.094904 -0.0011215581828878385 0.0007743592955726797
4.745068 -1.581589 -0.001266104565530668 0.0003951698367004042
4.745083 -2.068275 -0.0009136782221048634 -3.923221725443682e-05
4.745092 -2.554968 -0.000904786830943749 -0.0005660071080342277
4.745104 -3.041665 -0.0007257691004838307 -0.0012078619066926422
4.745119 -3.528362 -0.00048310205761481484 -0.0018035119002632882
4.745116 -4.015071 -0.00020054812334535654 -0.003091251912692883
4.745125 -4.501778 0.0002957320257479523 -0.004264917075175845
4.745133 -4.988499 0.0002210813078136198 -0.005259760566502791
4.745165 -5.47524 0.000344530682639288 -0.0061828609088649955
4.745211 -5.962006 0.0007062822988501694 -0.007426303575101656
4.745252 -6.448794 0.0014520785227603028 -0.009692836112748182
4.745279 -6.935563 0.0013416070966627558 -0.010605163653025329
4.745261 -7.422286 0.0015028793181670608 -0.012354938106227564
4.258682 7.66613 -0.006176238090318975 -0.011004692285212059
4.258702 7.1794 -0.00481925985738485 -0.007579235437219722
4.258686 6.692608 -0.003914374141913868 -0.005447663144508397
4.25865 6.205802 -0.00339768670002627 -0.003968373009513471
4.258617 5.719013 -0.002430088486462978 -0.002055791919076455
4.258594 5.232243 -0.001689436867749805 -0.0008491269125272538
4.258578 4.745501 -0.0012336710861546862 0.00010712956178338118
4.258565 4.258761 -0.001366284632922543 8.106840782318159e-05
4.258544 3.772025 -0.0010889920425114497 0.0005186531673331274
4.258517 3.285296 -0.0009940509600738778 0.0007954106436329766
4.258481 2.798573 -0.001082692665292484 0.0009506744523832822
4.258444 2.311861 -0.0011122002725727498 0.001132584313772611
4.258409 1.825153 -0.0010608725569625221 0.0011122842364272856
4.258375 1.338452 -0.0011896724803222014 0.0009096265623398381
4.258346 0.851769 -0.001300994097832131 0.000891818847563286
4.258325 0.365101 -0.0013899154189971341 0.0010300747802407528
4.258312 -0.121566 -0.001451832995186919 0.001044979350954378
4.258308 -0.608227 -0.00143657717595147 0.0011315619827989565
4.258306 -1.094904 -0.001548281317184319 0.0007840034805717266
4.258314 -1.58158 -0.001538549129051603 0.0005060056128840529
4.258328 -2.068259 -0.0014960774730070625 0.00023396009211751334
4.258346 -2.554953 -0.0015563923294621418 -0.00023913488422522278
4.258366 -3.04165 -0.0012556882650187617 -0.0008829689676304042
4.258376 -3.528357 -0.001373512277723421 -0.0016106322065922996
4.25839 -4.015065 -0.0011486900038448766 -0.0024616320803687586
4.258396 -4.501773 -0.0007805010631045661 -0.0036365487541587527
4.258407 -4.988485 -0.00026248892842772875 -0.004949951145562181
4.258419 -5.475213 -0.00027474191701060136 -0.005975108175164223
4.258446 -5.961969 -0.00040544039080714356 -0.006923007922154056
4.258489 -6.448751 5.634009049515498e-05 -0.008530267415352455
4.258533 -6.935545 0.001359529426721906 -0.011583619277757862
4.258545 -7.422302 0.0003322805728203093 -0.011017131566688931
4.258528 -7.909013 -0.00011981282305839613 -0.011373005525882718
3.771951 8.152873 -0.007450977936343861 -0.015866268132413097
3.771983 7.666162 -0.005625468520292998 -0.010952485178961524
3.771981 7.17939 -0.0035157839135564473 -0.005889358980113002
3.771952 6.692581 -0.003363864998860322 -0.0047776673971497985
3.771924 6.205769 -0.00253949799727593 -0.003118346307957154
3.771897 5.718989 -0.0018121117843747925 -0.001370583133564196
3.771881 5.232231 -0.0013003484205142968 -0.00028619487932246557
3.771867 4.745487 -0.0014264272781616683 -0.00011439635912324775
3.77185 4.258748 -0.0011191755987027818 0.0005435767989752094
3.771826 3.772 -0.0009319060353618625 0.0006909021870740162
3.771791 3.28526 -0.0010261482127020827 0.0007074067311094723
3.77175 2.798534 -0.0009594106168293592 0.000986487140664849
3.771709 2.311824 -0.0010707217646057643 0.0011716133249208838
3.771673 1.82512 -0.001146633432981048 0.0011135233742862738
3.771641 1.338426 -0.001287573662253294 0.0009550275146708032
3.771617 0.851747 -0.0012180410394790897 0.0009161084266295916
3.771597 0.365085 -0.0012419642008438814 0.0010629197068769969
3.771584 -0.121574 -0.001318005230970698 0.0011086122700367795
3.771575 -0.608233 -0.0014938923043246177 0.0010809442108197231
3.771574 -1.094902 -0.0016974046713613689 0.0008199574494334172
3.771581 -1.581569 -0.001793397037346267 0.0006617281357321758
3.771592 -2.068245 -0.001800430509959483 0.0003329063037753599
3.77161 -2.554936 -0.0018159045202139623 -0.000184856347473783
3.77163 -3.041635 -0.0018784176757407067 -0.0006961010327017902
3.771652 -3.528343 -0.0017541271521963608 -0.001428043067974727
3.771666 -4.015055 -0.0018006261494747378 -0.002157836965579918
3.771679 -4.501767 -0.001641641362283508 -0.0030261930436665807
3.771681 -4.98848 -0.0013249605849523505 -0.004429498902339901
3.771695 -5.475197 -0.0009050921331805739 -0.005655809759190333
3.771716 -5.961938 -0.0007864039373117748 -0.006746923119095527
3.771751 -6.448712 -0.0007665769745699436 -0.007704012415558736
3.771793 -6.935509 -0.0001780606326491352 -0.009683697775841438
3.771818 -7.422299 0.00034203426041301555 -0.012049131948487002
3.771822 -7.909038 0.0005146011754249002 -0.013425761250488222
3.285256 8.152912 -0.005244567920030363 -0.012308498745255747
3.285272 7.666179 -0.004018308979297558 -0.008277416088077416
3.285261 7.179374 -0.0032567556305451717 -0.006056581283417017
3.285231 6.692551 -0.0027800822576011797 -0.004379624704910157
3.285202 6.205747 -0.002018957727827342 -0.002262692122428689
3.285184 5.718976 -0.0014832107092104252 -0.0007969635652784746
3.285174 5.232226 -0.001310913295071714 -0.00016595078554360043
3.285166 4.745475 -0.001018980289742899 0.00024464881299479657
3.28514 4.258728 -0.0009695696145115562 0.0007525871710072352
3.285108 3.771965 -0.0009980740590833648 0.0005650140798110215
3.28507 3.28522 -0.0008772239901588819 0.0007800245969775688
3.285032 2.798497 -0.0008732035845469 0.0010205925041759656
3.284996 2.311786 -0.0009510233185778816 0.001061071483306364
3.284957 1.825087 -0.000988171041015562 0.001137933576949024
3.284934 1.3384 -0.0009909550110904775 0.0009886999711810063
3.284917 0.851729 -0.000952641511602792 0.000970691175727012
3.284902 0.36507 -0.0010178529139324155 0.0010394428322921812
3.28489 -0.121588 -0.0011147694698223631 0.0009960144109193436
3.284872 -0.608251 -0.0014542866437636803 0.0007319828189125133
3.284869 -1.094904 -0.0015744742744772111 0.0007069035099931398
3.284871 -1.581562 -0.001660291411994308 0.0005870872171342967
3.284879 -2.068232 -0.0018788053565828022 0.00036985821066792823
3.284892 -2.554919 -0.0020704185178033185 -9.455998279861433e-05
3.284903 -3.041617 -0.002328199289991062 -0.0006868897255714046
3.284926 -3.528324 -0.002365176116342127 -0.001245357342185116
3.284953 -4.015038 -0.0021347670358977666 -0.0019568076173186455
3.284971 -4.501757 -0.002054812476387724 -0.002752272266292266
3.284984 -4.988473 -0.0019207065881090557 -0.003607536361300845
3.28499 -5.475189 -0.0014087228668415719 -0.005305185836732562
3.285004 -5.961918 -0.0012186781377323541 -0.006434038528027486
3.28503 -6.448677 -0.001130831723855863 -0.007443237609294329
3.285065 -6.935473 -0.0008941633588648301 -0.008968282810940309
3.285102 -7.42228 5.488322346991481e-05 -0.01209681999159784
3.285115 -7.90905 -0.0006108894888114946 -0.01176169510767977
3.285101 -8.39576 -0.0010389346397090549 -0.011943188212029554
2.798528 8.639652 -0.005941988080039096 -0.01707345580433639
2.798556 8.15294 -0.004430456293661678 -0.011787671024677593
2.798561 7.666175 -0.0028324503118852817 -0.006484952249650178
2.798543 7.179348 -0.002667053466808511 -0.005631508201389579
2.798515 6.692527 -0.0021619644582386854 -0.0035957429719530865
2.798494 6.205736 -0.0015919622478435258 -0.0016133166446365976
2.798484 5.718967 -0.0011693055672878927 -0.0005130580598233792
2.798471 5.232216 -0.0013086366455326015 -0.00024020831867233028
2.798457 4.745457 -0.001039173194484988 0.0003177633010551517
2.798433 4.258696 -0.0008902240089412317 0.0006587922489842413
2.7984 3.771934 -0.0007794181363891539 0.000826857617610699
2.798361 3.285188 -0.0008446750108817014 0.0009125319851222002
2.798325 2.798458 -0.0009028993227531146 0.0008851065212098774
2.798295 2.311757 -0.0007677365715892392 0.0012287574617957375
2.798273 1.825064 -0.0007310214096207801 0.0011693836305752825
2.798258 1.338383 -0.0010305663919467634 0.000872710029092616
2.798245 0.851713 -0.001141922664871231 0.0007908574564723381
2.798229 0.365051 -0.001149956865432955 0.0008074458846110133
2.798218 -0.121599 -0.0012394171707796886 0.0009429053252816288
2.798206 -0.60826 -0.0015181982865755117 0.0007282014840122031
2.798196 -1.094911 -0.0018571004086851417 0.0007698011774444069
2.798188 -1.581563 -0.001733534374949386 0.0005528703120063483
2.79818 -2.068234 -0.0020440506997942975 4.234288751803206e-05
2.798185 -2.554907 -0.002293335252431916 -0.0002635696007473598
2.798204 -3.041594 -0.002455416830912327 -0.0004876841916114927
2.798231 -3.528297 -0.002306689627161518 -0.0010152489210497606
2.798253 -4.015017 -0.0023871517675786436 -0.001632291111505424
2.798278 -4.501739 -0.00211780158751651 -0.0024840853344301195
2.798297 -4.988463 -0.0019026984049190787 -0.003410422174965788
2.798307 -5.475181 -0.0016852053093714403 -0.004510341975304755
2.798317 -5.961906 -0.0012807304012767418 -0.006163147535630742
2.798334 -6.448653 -0.0011777651573368075 -0.007268406645863479
2.798361 -6.935438 -0.001213596723033561 -0.008230055787890933
2.798394 -7.422254 -0.0007716241476884989 -0.010537233483091768
2.798414 -7.909051 -0.000690140206529577 -0.012091025620009077
2.798406 -8.39578 -0.0008096432329693926 -0.013307452462584024
2.311824 8.639686 -0.005097651179582385 -0.016314511377515828
2.311847 8.152964 -0.0038802148189205354 -0.01145984375901321
2.311847 7.666165 -0.002602112088169406 -0.006877249440265132
2.311824 7.179329 -0.0023813616170755836 -0.0053179346496392554
2.311806 6.692509 -0.0016976763116360871 -0.0029697813031361875
2.311793 6.205724 -0.001247735800610883 -0.001270619405772777
2.311782 5.718964 -0.001203522805539592 -0.0005389534999551415
2.311775 5.232206 -0.0009782874114208084 9.803978565514626e-05
2.311755 4.745442 -0.0008908249490104936 0.0006641209732975994
2.311734 4.258669 -0.0007377476760765944 0.0007476785716704626
2.311704 3.771901 -0.0006394415958794752 0.000820551651884216
2.31167 3.285151 -0.0007282667080730221 0.0007350821500295979
2.311643 2.798431 -0.0005458689986070908 0.001072330681438416
2.311619 2.311737 -0.0006136018100590945 0.0012728377398474322
2.31161 1.825052 -0.000802296531745128 0.0009791598799822054
2.311605 1.338372 -0.0005544952559759508 0.0008968005468972251
2.311592 0.851704 -0.0011404975449451626 0.0006746093181675406
2.311588 0.365043 -0.0011356405110163337 0.0007275812393672254
2.311575 -0.121614 -0.0013159443673131932 0.0007941600399066218
2.311563 -0.60827 -0.0014882682022019367 0.0007841887771675715
2.311549 -1.094921 -0.001520107133529791 0.0007170674390550857
2.311527 -1.581579 -0.001710274392713984 0.0002658158034449798
2.311515 -2.068235 -0.0021754166184635437 0.00015991159684602962
2.311514 -2.554898 -0.0021379166877153466 -0.00029047828323314207
2.311524 -3.041578 -0.0022969732088000683 -0.0005851401116956367
2.311547 -3.528273 -0.00229605192362925 -0.0008213466541064918
2.311574 -4.01499 -0.0021446341129021107 -0.0014361750405527118
2.311599 -4.501719 -0.002064503972917464 -0.00207425431992192
2.311617 -4.988449 -0.0019264439278288137 -0.0029791653486768155
2.311628 -5.475175 -0.001830665044067814 -0.003950608035324876
2.311637 -5.961898 -0.001386565111381799 -0.005815317124870489
2.311648 -6.448637 -0.0012770675727793446 -0.007028772142120943
2.311668 -6.935413 -0.0012842306770082246 -0.00804708252124442
2.311696 -7.422228 -0.0010338981945707815 -0.009987231649546402
2.311719 -7.909044 -0.00039564204099207245 -0.01351552912908005
2.311721 -8.395799 -0.0006928043621385882 -0.014113314642798969
1.825126 8.639712 -0.003698842433813354 -0.013907121324564287
1.825138 8.152979 -0.0028297876008309686 -0.009229059690312624
1.825139 7.666154 -0.0020955758833238747 -0.006800305192115275
1.825121 7.179314 -0.0017829398329709534 -0.004904184173369686
1.825105 6.6925 -0.0013061534887555126 -0.0024995637613756116
1.825094 6.205722 -0.0010368535520939304 -0.0009219753617912829
1.825089 5.718962 -0.0010246294528784006 -0.0006095894883344499
1.82508 5.232196 -0.0008283792592038708 0.0001517796772247948
1.825063 4.745426 -0.0007359363618633097 0.0006926829078111041
1.825042 4.258644 -0.0005716558609805134 0.0008766755283886596
1.825013 3.771875 -0.0006286740744698704 0.0008565082326583706
1.824991 3.285131 -0.0004362256996301994 0.0010958956548279275
1.824973 2.798414 -0.0003537784741070027 0.0011719826726874771
1.824963 2.311725 -0.0005373191562441093 0.0009770581061303574
1.824957 1.825045 -0.0005449020803354188 0.0009489135501539181
1.824954 1.338369 -0.0006880384300771425 0.0007170880632472176
1.824955 0.851699 -0.0006221471511977938 0.0006501495973658677
1.824954 0.365037 -0.0004720179116830536 0.0007343132416348652
1.824946 -0.121626 -0.0005453607729677401 0.0006655552127816655
1.824927 -0.608286 -0.000969189899990397 0.0005805349164518248
1.8249 -1.094949 -0.0015300848151724722 0.00030306403269975135
1.824882 -1.581598 -0.001844793339955686 0.0002785635404833897
1.824866 -2.068246 -0.0017801595961017824 -0.0001901491748128592
1.824862 -2.554897 -0.0020062181190212414 -0.00016277228820626988
1.824869 -3.041563 -0.0019231526840215452 -0.0005051264457875959
1.824884 -3.528253 -0.0020335771485520127 -0.0006374578395451636
1.824904 -4.014968 -0.0019693682034116478 -0.0012272510527111535
1.824925 -4.501699 -0.0019266568857361221 -0.0018557683495146193
1.824943 -4.988437 -0.0017863906521000672 -0.0028694623353544557
1.824955 -5.475168 -0.0016979716984977244 -0.003843065860507977
1.824961 -5.961895 -0.0015333404844071197 -0.005354168078014254
1.824969 -6.448627 -0.0013570054624807426 -0.006792798276933354
1.824984 -6.935394 -0.00131404331609275 -0.00794636465855092
1.825006 -7.422205 -0.0012305867513049407 -0.009472366254641429
1.825029 -7.909032 -0.0007242615339109193 -0.012968822159137972
1.825034 -8.39581 -0.0011656249778155825 -0.012899167989900207
1.825023 -8.88252 -0.001515719733426124 -0.013271545525668671
1.338432 8.639734 -0.002543317269534384 -0.012499849463779356
1.338437 8.152982 -0.0018472701335241482 -0.0076171883981999144
1.338424 7.66615 -0.0018070972933372786 -0.00634304946348152
1.338416 7.179301 -0.0013808221439788326 -0.0045347109856379575
1.338406 6.692497 -0.001030515900794171 -0.002150787450915459
1.338405 6.205719 -0.000696688699314052 -0.0008613271717763382
1.3384 5.718958 -0.0006876987862582951 -0.00045321190458480487
1.338389 5.232187 -0.000626461371126652 0.0002864325515190558
1.338375 4.745406 -0.0005789335217372127 0.0005914094758168176
1.338354 4.25863 -0.0005491037947962241 0.001056521799526422
1.338341 3.771854 -0.00035634439867493484 0.0008254019547138114
1.338323 3.285114 -0.00027578832472840986 0.0011013962289609935
1.338314 2.798405 -0.0003057276680067389 0.0009173221675098375
1.338312 2.311724 -0.00013091009186894098 0.0012495263875251794
1.338312 1.825047 -0.00027998926362471366 0.0009111974931457212
1.338316 1.338376 -0.00011277314794000404 0.0009696588199972211
1.338314 0.8517 -0.0002699767913014739 0.0006834703611033888
1.338313 0.365031 -0.0005640745684800663 0.0005556553752370519
1.338302 -0.12164 -0.0008223424165620941 0.0005082880841063009
1.338287 -0.608309 -0.0008978899284883823 0.00033224254476138526
1.338265 -1.094972 -0.0009587077025443591 -0.00012359339782364032
1.338247 -1.581618 -0.001356068333208782 -1.0430454906895648e-05
1.338231 -2.068258 -0.001634242805188535 7.507458110467269e-05
1.338225 -2.5549 -0.0015700497197883578 -0.00015983774849814836
1.338225 -3.041557 -0.001534777651521324 -0.0005355989349027368
1.338233 -3.52824 -0.0016116187169004093 -0.0007539642508618272
1.338246 -4.014951 -0.001700663955638504 -0.0010795610759970486
1.338262 -4.501684 -0.0016620832430120913 -0.0018148294193167658
1.338276 -4.988426 -0.0016424112374835431 -0.0026716871873588843
1.338285 -5.475163 -0.0016249017986140757 -0.003658835318162801
1.338291 -5.961892 -0.0015667238770546987 -0.004830502251280677
1.338296 -6.448622 -0.001391514145751671 -0.006639721048742331
1.338307 -6.935382 -0.0013444954630728034 -0.00784726133505842
1.338322 -7.422187 -0.0013867991658926826 -0.009032597263967546
1.338339 -7.90902 -0.0011657725061411384 -0.011990067200855492
1.338348 -8.395817 -0.0014140100562300972 -0.012265173345610947
1.338341 -8.882535 -0.0016821035496263903 -0.012811225322280961
0.851725 8.639751 -0.0019394425052468023 -0.012244760710387936
0.851731 8.152981 -0.0013042337220987577 -0.007165302469417156
0.851722 7.666145 -0.00127786618879 -0.006143085163614614
0.851715 7.179306 -0.0010174669722253782 -0.003930066599679094
0.851709 6.692494 -0.0007964487775140583 -0.0020193508347858824
0.85171 6.205718 -0.0005634946784027761 -0.0009347487105628716
0.851706 5.718955 -0.0005401253485359803 -0.0003184887494853683
0.851701 5.232182 -0.0004309810899343347 0.0004397024409001915
0.851695 4.745396 -0.0002916557918553053 0.0007282134764494685
0.851677 4.258612 -0.00039713977601962824 0.0009630650329768287
0.85167 3.771842 -0.00021670149677888162 0.0009838568657443147
0.851663 3.285107 -7.37887520330105e-05 0.0012183395568996502
0.851661 2.798406 -4.629571008152311e-05 0.0010244849113973942
0.85166 2.31172 -7.177271728764367e-05 0.0007919755230787473
0.851656 1.825049 -0.00016500216401382772 0.0009258390683299922
0.851664 1.338377 -2.055715100368616e-06 0.0008551190541936649
0.851667 0.851701 -0.00019520720916332834 0.00044217845442062753
0.851665 0.365025 -0.00013916042877326618 0.0004646601239812753
0.851652 -0.121656 -0.0004307106720204956 0.00022009765668906667
0.851639 -0.608334 -0.0006729097405084872 -7.08163411076157e-05
0.851624 -1.094989 -0.0009215527874104623 3.184974252690154e-05
0.851608 -1.581637 -0.0009114259975113725 -0.0004186508623433838
0.851598 -2.06827 -0.0011183182945231351 -8.054201748564083e-05
0.85159 -2.554905 -0.0011228647949295123 -0.00031737796493302994
0.851587 -3.041557 -0.0012478438545961978 -0.00034894400241114454
0.851588 -3.528233 -0.0013223277766485353 -0.0007529687156733189
0.851595 -4.014941 -0.0014395087467242718 -0.0009667614663868562
0.851604 -4.501673 -0.0014627784548117972 -0.0017103770332482782
0.851612 -4.988418 -0.0015264594010453436 -0.0024594885107376285
0.851617 -5.475159 -0.0015687156561945415 -0.0034742334260045027
0.851622 -5.96189 -0.0015527774583503628 -0.004510405488616698
0.851626 -6.448619 -0.001427337562308395 -0.0064914175134447305
0.851632 -6.935375 -0.001429845962416465 -0.007734975229311658
0.851642 -7.422175 -0.0014988388413677 -0.008786822160857355
0.851654 -7.909011 -0.001409638116609102 -0.011436035764518238
0.851661 -8.39582 -0.0015405973617710345 -0.012526812527852371
0.851658 -8.882547 -0.0017478874829492952 -0.013368108691850011
0.365021 8.639766 -0.0012460121735919927 -0.01217682685694399
0.365023 8.152983 -0.0009009273102478232 -0.007100572483750511
0.365021 7.66614 -0.0007826398039902926 -0.006179681303365214
0.365014 7.1793 -0.000733403284248979 -0.0039230120720219475
0.36501 6.692502 -0.0006532752844190526 -0.001756056612350676
0.365019 6.205726 -0.0003233435907041837 -0.0008440063385819485
0.36502 5.718955 -0.0002244577977528195 -0.0002897496711113945
0.365015 5.232179 -0.00024352593394638689 0.00044385136808955394
0.365012 4.745389 -0.00018953925062348276 0.0007204748118709858
0.365009 4.258603 -0.00010897844992641126 0.0008813158178213598
0.365006 3.771842 -1.8305161702869555e-05 0.0012204599271967709
0.365007 3.285109 0.0001372317101644427 0.0013728943890072287
0.365 2.798405 1.9955674126492795e-05 0.001215231871526612
0.365004 2.311725 8.420187691093872e-05 0.0008838303356952792
0.365005 1.825053 0.0001430122420913449 0.0010891017888710053
0.365009 1.338379 0.00013536004178504868 0.000560240940266965
0.365011 0.851701 0.00019461090213113152 0.0005150303605852002
0.365004 0.365012 -2.7599449051507463e-05 9.87640406773238e-05
0.364996 -0.121662 -0.00017174737779335203 0.0001355643444740373
0.364985 -0.608347 -0.00042630581575586746 -0.00022532577202660775
0.364976 -1.095005 -0.0005718570327175598 -0.00015787370372777332
0.364968 -1.581647 -0.0005846027306741775 -0.0004026355237840562
0.36496 -2.068279 -0.0007410679068389214 -0.0001499673326179618
0.364953 -2.554912 -0.0008591987544708246 -0.000162000487321734
0.364949 -3.04156 -0.0009722018800299992 -0.00020293011020555696
0.364947 -3.528234 -0.0010532142614003703 -0.0008127817647647362
0.364947 -4.014938 -0.001192670002813756 -0.0009696602144231292
0.364948 -4.50167 -0.001297951315597956 -0.0017011917019118528
0.364951 -4.988416 -0.0013725957890660112 -0.0024067871121928874
0.364953 -5.475159 -0.0014280709962424254 -0.0034311047187998156
0.364954 -5.96189 -0.0014992615652342778 -0.004385252177058874
0.364956 -6.44862 -0.0014845466097650473 -0.006415264792025255
0.364959 -6.935372 -0.0015387084635491988 -0.007650909543315265
0.364964 -7.42217 -0.0016073903191031746 -0.008690994134980201
0.36497 -7.909006 -0.0016341737092595565 -0.011199078363972603
0.364974 -8.395821 -0.0017411402957012712 -0.012863710241589388
0.364973 -8.882555 -0.0019342460598021916 -0.013848158824032453
-0.121688 8.639774 -0.0006544104547860918 -0.012125820329742965
-0.121687 8.152993 -0.0005590039099696575 -0.006932319234067563
-0.12168 7.666143 -0.0002983095121127377 -0.0061925077520470495
-0.121679 7.179303 -0.000259561243334705 -0.003922051951150252
-0.121679 6.692504 -0.00025240984325058946 -0.0018136344807544447
-0.12168 6.205733 -0.000274281613348748 -0.0008056588830527289
-0.121679 5.718961 -0.0002523824022415688 -0.00024294190180285113
-0.12167 5.232182 -3.7883405272776116e-05 0.00042199246507834687
-0.121668 4.745397 -2.6909503666239232e-05 0.0008716158902757343
-0.121661 4.258609 0.00010738321286840602 0.0009762427433770426
-0.121656 3.771843 0.00018638484149535728 0.0012070515917912417
-0.12166 3.285106 5.269028486942773e-05 0.0012407925118935736
-0.121656 2.798405 0.0001512597016204431 0.0011942916885345767
-0.121652 2.311729 0.000296534496501355 0.000958425171717181
-0.121651 1.825053 0.0003381039989518442 0.0010711435203134556
-0.121649 1.338376 0.00045829932247531957 0.00040282192194496247
-0.121659 0.851696 0.00021811904828750173 0.0003550292625078555
-0.121661 0.365007 0.00017285289496626888 8.510889815127598e-06
-0.121668 -0.121672 -6.849250423046627e-05 -0.00016166900068048662
-0.121673 -0.60835 -0.00010305855233649908 -0.00021184624618797443
-0.121679 -1.095012 -0.0002744382630073261 -0.0003018971658903524
-0.121681 -1.581652 -0.0003727428145769984 -0.0004033891170251991
-0.121682 -2.068284 -0.0004232863888762317 -0.000208613891253151
-0.121685 -2.554918 -0.0005316690201029317 -0.0001980026994488071
-0.12169 -3.041565 -0.000680005143737894 -0.0002518845838466177
-0.121695 -3.528238 -0.0008324448927359285 -0.0008766012114449495
-0.1217 -4.014942 -0.0009556528246821294 -0.001039371348966256
-0.121706 -4.501673 -0.0011227851917237075 -0.0017402249055891161
-0.12171 -4.988419 -0.0012398580594394915 -0.002430578251392035
-0.121713 -5.475162 -0.0013572741284511025 -0.003443862025051203
-0.121715 -5.961892 -0.0014767623296263466 -0.004358289132454729
-0.121714 -6.448621 -0.0015595481111869702 -0.006359929458142233
-0.121714 -6.935373 -0.0016481055396453392 -0.007611104175595074
-0.121713 -7.422171 -0.0017125035197342875 -0.008667203603835105
-0.121714 -7.909006 -0.0018608199577427875 -0.011125646010299306
-0.121714 -8.395823 -0.0020170777752483993 -0.012939695285922426
-0.121712 -8.882559 -0.0021760817167479907 -0.013965394458722358
-0.608394 8.639777 2.5731444139864834e-06 -0.011988043356524258
-0.608393 8.153003 -9.385564076325181e-05 -0.006833454619908252
-0.608385 7.666157 0.00010054404831905117 -0.006075150131579221
-0.608378 7.179313 9.277912064575844e-05 -0.003983502574243403
-0.608375 6.69251 -1.183908669588618e-05 -0.0019166277514273133
-0.608377 6.205736 -0.0001398357524635685 -0.0008811564654251924
-0.608374 5.718975 -0.00012815329147031207 -0.00011130384280022554
-0.608359 5.232193 0.0001053937367458957 0.00045130927972536483
-0.608349 4.745407 0.0001586257173293859 0.0008284706127028585
-0.608338 4.25862 0.00019197439463880528 0.0009924771056688542
-0.608331 3.77185 0.00011815437574824728 0.0011059711948888662
-0.60832 3.285118 0.00020412997250573994 0.0013980488738667418
-0.608311 2.79841 0.0003904404963464003 0.0011065819335840388
-0.608311 2.311733 0.00045982500260421943 0.0009893711182442644
-0.608306 1.825054 0.000595554617568439 0.0009955166955393224
-0.608318 1.338371 0.000458169771540895 0.0004380763789342268
-0.608325 0.85169 0.00038052862322857095 0.00019404881746964975
-0.608329 0.365008 0.0003470560131173528 4.519562207150329e-06
-0.608334 -0.121679 0.00023799141315450356 -0.0002708182147252991
-0.608336 -0.608354 5.241785499343621e-05 -0.00043097403119851663
-0.608334 -1.095011 5.4161001990848945e-05 -0.00026891348509749946
-0.608331 -1.581651 -0.00021847554391740687 -0.0005603849047588483
-0.608328 -2.068286 -0.00019862518462687717 -0.00028800532046346916
-0.608329 -2.554922 -0.00036383530986583423 -0.00044604375679568875
-0.608332 -3.041572 -0.0004541622707954218 -0.00045974746403487643
-0.60834 -3.528247 -0.0006619366818263472 -0.0009891757861879569
-0.608351 -4.014952 -0.0007896350181972878 -0.0011374350984425519
-0.608363 -4.501683 -0.0009816799853616942 -0.0018413046035448133
-0.608373 -4.988427 -0.0011289970810075545 -0.0025076647939954455
-0.608379 -5.475168 -0.0012699146238901449 -0.003497516663571787
-0.608384 -5.961897 -0.001437810649434823 -0.0044276490577601635
-0.608386 -6.448625 -0.0016636593835386293 -0.006403062900801615
-0.608387 -6.935378 -0.0017490629984031614 -0.007628822911186717
-0.608392 -7.422176 -0.001863835053999452 -0.008647236317045781
-0.608397 -7.909013 -0.0020731410661340988 -0.011255653410245259
-0.6084 -8.395827 -0.0022391732463447056 -0.012740244105856391
-0.608398 -8.88256 -0.0024218904797557173 -0.013722662937254881
-1.095096 8.639777 0.0007544660915179691 -0.011858928789706624
-1.095099 8.153011 0.0004218428053341938 -0.007022757872761076
-1.095096 7.666172 0.0004107857785591307 -0.006136034438043225
-1.095079 7.179324 0.0004888774636881976 -0.004282165520152148
-1.095074 6.692519 0.00022732605550856988 -0.002093052485520275
-1.095066 6.205743 0.00023648851736979282 -0.0008922418420240774
-1.095066 5.71898 0.000139305827502767 -0.0003791503223737891
-1.09506 5.23221 2.6809462855936772e-05 0.00045793909967528634
-1.095034 4.745424 0.00036349921840894694 0.0007324650295004176
-1.09502 4.258642 0.0002778614395531065 0.0010888396718513604
-1.094999 3.771865 0.000399378477379031 0.0009396507543897314
-1.094983 3.285127 0.00038977117660721206 0.0012522502166802951
-1.094971 2.79842 0.0006244462279383356 0.0009944392298422144
-1.094965 2.311734 0.0007035823913952299 0.0010887438018940543
-1.094976 1.825052 0.0004863600355875519 0.0008769327330142573
-1.094981 1.338361 0.00032094488819467415 0.0005230727953602354
-1.094986 0.851682 0.0006118921888642603 -3.9105716247433975e-06
-1.094992 0.365002 0.000539170136242717 -0.00016196914869759382
-1.094996 -0.121683 0.0003632637841946007 -0.0004546184159073263
-1.094993 -0.608352 0.00038076577486023666 -0.00045526467505041524
-1.094988 -1.095005 6.94322188898866e-05 -0.0005309009890055449
-1.09498 -1.581647 -1.4150528500067594e-06 -0.0005114842920406204
-1.094975 -2.068283 2.0962213731934298e-05 -0.0002615693122223206
-1.094973 -2.554925 -0.00022140263946468508 -0.0006832928972642094
-1.094979 -3.04158 -0.000374603103932003 -0.0008292679721222385
-1.09499 -3.528261 -0.0005246568298957754 -0.0011477448353360842
-1.095007 -4.014968 -0.0006602027847861791 -0.001312845334680901
-1.095024 -4.501699 -0.0008692601733990557 -0.0020027473728561063
-1.095039 -4.98844 -0.0010504322883981843 -0.0027081820287548908
-1.09505 -5.475177 -0.0012654499146833587 -0.003639607244792842
-1.095055 -5.961903 -0.0014298267636618789 -0.004615026718880699
-1.095058 -6.44863 -0.0017359880004086392 -0.006476486897355471
-1.095063 -6.935385 -0.0018897426848916155 -0.007639220144000092
-1.095072 -7.422188 -0.0019953260006140283 -0.008760926673033964
-1.095084 -7.909024 -0.0023800849964779047 -0.011579737235621224
-1.09509 -8.39583 -0.002475411062366817 -0.012341993653166128
-1.095085 -8.882557 -0.002611135982704127 -0.01318803194544671
-1.581805 8.639772 0.001410429808238689 -0.01239533306468843
-1.581811 8.153018 0.000993896432824215 -0.008038642948918095
-1.581801 7.666189 0.0009846633623453727 -0.006386277760611847
-1.581787 7.179345 0.0008224370685070426 -0.004570682643702639
-1.581774 6.692526 0.0005485610042370581 -0.0025006722891021127
-1.581766 6.20575 0.00039579679762624664 -0.0010220056621790263
-1.581757 5.71899 0.0005609136075221954 -0.0006642470285669333
-1.58175 5.232226 0.0003774540682996985 0.00026000802296266556
-1.581737 4.745449 0.00026277648520078856 0.000704767123878014
-1.581709 4.258662 0.00036180487514769766 0.0009347869006859355
-1.581676 3.771887 0.0006356295834066827 0.0008114230333120531
-1.581652 3.285144 0.0005915469386650329 0.001183936377785244
-1.581636 2.798432 0.0006318382062318051 0.0013128527681658397
-1.581633 2.311732 0.0005192652040975076 0.0011416676012387938
-1.581635 1.825043 0.0006853251833476293 0.000556443577906407
-1.581634 1.338357 0.0006976420424180674 0.00028815007831894945
-1.581639 0.851674 0.0004451273025978253 5.660356992365223e-05
-1.581646 0.364998 0.00035642054548645774 -0.000203068667840256
-1.581648 -0.121683 0.00029203952394141197 -0.0006063592946103924
-1.581644 -0.608347 0.0001018766984017816 -0.0007405473369068716
-1.581635 -1.094997 0.000214423622360016 -0.0006209308966944604
-1.581627 -1.58164 0.0002656561067553298 -0.0004587108549145569
-1.581623 -2.068281 7.313170348055564e-05 -0.0005302720168955943
-1.581624 -2.554929 4.8512989998528155e-05 -0.00047440169282708666
-1.581633 -3.041592 -0.0003033877437985666 -0.0009973709358348515
-1.58165 -3.528279 -0.0004188248216578927 -0.0011653642044109347
-1.581671 -4.014991 -0.0005860470677205853 -0.001572712460671255
-1.581694 -4.50172 -0.0008284300286973689 -0.0021566405845732106
-1.581712 -4.988456 -0.001068307347914299 -0.0029728754662698975
-1.581723 -5.475186 -0.0012575012771165461 -0.0038186437716092314
-1.581728 -5.961909 -0.001493654391602206 -0.0049961804141958055
-1.581732 -6.448637 -0.0018061303323690936 -0.00656457859861348
-1.581741 -6.935398 -0.001970827474785608 -0.007698256851682572
-1.581758 -7.422206 -0.002213478080108189 -0.009050854165309374
-1.581775 -7.909039 -0.0028004698303121245 -0.012348698042387696
-1.581781 -8.395831 -0.002749045451921006 -0.01246162467256795
-1.581771 -8.88255 -0.002779198555025175 -0.01296943246580895
-2.068517 8.639766 0.002308507221414402 -0.014154075643176611
-2.06852 8.153026 0.0019980403927988277 -0.009917907472441811
-2.068516 7.666208 0.001406952771468184 -0.00664955358934094
-2.068495 7.179364 0.0013409400751598355 -0.005107570410302742
-2.06848 6.692547 0.0008562166078220912 -0.0027298236371393614
-2.068468 6.205764 0.0006234812208347762 -0.0011604973739736124
-2.068454 5.719 0.0008640487235354044 -0.0007963227800757977
-2.068448 5.232238 0.00062866698736741 5.519968283351773e-06
-2.068432 4.745471 0.0004974126307075721 0.0006577000315814985
-2.068407 4.258698 0.00044181344580351833 0.0010365829079148625
-2.068368 3.771927 0.0006848726981729669 0.0011041206440580709
-2.068332 3.285173 0.0008639051024559308 0.001093355906590432
-2.068316 2.798443 0.0005920995410022556 0.0011266559777567409
-2.0683 2.311739 0.000781830491284552 0.0008581888758030232
-2.068295 1.82504 0.0005234093677231044 0.0006793344626814246
-2.068292 1.338356 0.0008908618707295091 0.00016837260026392187
-2.068292 0.851673 0.0007992122208690944 -0.00011753676984227468
-2.068295 0.364989 0.000668196676102184 -0.0005562007206592057
-2.068293 -0.121677 0.0006097827778930309 -0.0006126744551728791
-2.068289 -0.60834 0.0005385186141211307 -0.0007167602488138414
-2.068283 -1.094989 0.0005338911622132514 -0.0005800826995994157
-2.068277 -1.581635 0.00029974460172610407 -0.0006403797324239235
-2.068277 -2.068282 0.00022318860919767758 -0.0006036438721253035
-2.068283 -2.554938 -0.00013058571913404649 -0.0009754387310749735
-2.068297 -3.04161 -0.0002338580197189799 -0.001155053332922762
-2.06832 -3.528303 -0.0002928464377376372 -0.001234355211877869
-2.068347 -4.015017 -0.0005812293220870401 -0.0017691927694443166
-2.068372 -4.501744 -0.000768237310069253 -0.0022541635359800694
-2.06839 -4.988472 -0.0010375051755318054 -0.0030665566454217696
-2.068401 -5.475196 -0.0012589545356931353 -0.003911710714135097
-2.068407 -5.961915 -0.0016988072402170928 -0.0054559238595004445
-2.068412 -6.448647 -0.001922982093965686 -0.0066790214280842974
-2.068425 -6.935417 -0.0020861151964837177 -0.007757853186546981
-2.068448 -7.42223 -0.002458881819492831 -0.009526409207779807
-2.068468 -7.909056 -0.0033063883402846272 -0.013315686106295743
-2.068472 -8.39583 -0.0032591793264984403 -0.013675038444119991
-2.068459 -8.882544 -0.003437449950332905 -0.01495965460401294
-2.555227 8.639757 0.0034100763424760316 -0.015870644679893076
-2.555242 8.153028 0.002619199161358665 -0.01100062672028912
-2.555234 7.666231 0.0016575747377629568 -0.006234305450107058
-2.555209 7.179394 0.001826931343060778 -0.005299552071960534
-2.555185 6.692565 0.001451008611297766 -0.0033635596646206523
-2.555167 6.205778 0.0011263070239948547 -0.001552364134738582
-2.555164 5.719011 0.000802383261273576 -0.0006730774239827042
-2.555148 5.232252 0.000988388286870645 -0.00030972675509133296
-2.555132 4.745497 0.0008398575326822311 0.0004908920260930927
-2.555109 4.258729 0.0007581046493072563 0.0007465764128227192
-2.555073 3.771964 0.0007433579710749427 0.001073834814036445
-2.555041 3.285204 0.0007154290252344708 0.0009152333171584814
-2.555003 2.798465 0.0007652834827496235 0.0009159605928203973
-2.554982 2.311758 0.0006276776050668786 0.0010528908466866937
-2.554964 1.825053 0.0008315851601281565 0.0005786068014757006
-2.554954 1.338358 0.0008417493881296423 0.0001636183666775537
-2.554951 0.851674 0.0005998729649405732 -0.0001252142763128461
-2.554946 0.364988 0.0008116308788572724 -0.0007273051614706816
-2.554943 -0.121676 0.0007894603457003768 -0.0007916605454476588
-2.55494 -0.608335 0.0005363939531832784 -0.0008654778211933944
-2.554936 -1.094985 0.0003329508112841495 -0.0008684883961329604
-2.554936 -1.581634 0.0005355144401448797 -0.0006671149797625731
-2.554942 -2.068288 4.210046155606051e-05 -0.000968258089024232
-2.554955 -2.554953 -5.772065674136684e-05 -0.0010959091913775865
-2.554976 -3.041633 -6.0202273047593735e-05 -0.0011310992437074674
-2.555004 -3.528332 -0.0003315710730049659 -0.0015355994069636836
-2.555033 -4.015046 -0.0005836843740070208 -0.0020083405502049345
-2.555058 -4.501768 -0.0008468632930629383 -0.002622067252929128
-2.555075 -4.988489 -0.0010853343228660606 -0.0033112765745784145
-2.555084 -5.475205 -0.00131166177723685 -0.004098810613243131
-2.555089 -5.961922 -0.0018699171516232127 -0.005780365741998139
-2.555098 -6.448662 -0.002070513316994038 -0.0068602639725270365
-2.555118 -6.935441 -0.0022034042776937213 -0.007783154092720679
-2.555146 -7.422259 -0.002758053974744712 -0.009982676471025798
-2.555167 -7.909071 -0.0035303999757871907 -0.01294852841311922
-2.555164 -8.395822 -0.003724935594235035 -0.014296093597408799
-3.041958 8.153023 0.0027795481711336834 -0.0102289657460517
-3.041964 7.666257 0.0017658947640910583 -0.0061030501537402415
-3.041933 7.179428 0.002240384291823716 -0.005505349125229486
-3.041897 6.692597 0.0021728860603076328 -0.003995362026046223
-3.04188 6.205793 0.0014766128625467445 -0.0021276371642215963
-3.041866 5.719024 0.0011395160190375009 -0.000809141259082935
-3.041855 5.23227 0.0013021512010453762 -0.0005507826934945115
-3.041841 4.745519 0.0010911611098691765 0.0002488664016340181
-3.041815 4.258762 0.0010279096484140382 0.0007705514706373151
-3.04179 3.771996 0.0008538118125613892 0.0007515987416013559
-3.041756 3.285245 0.000716378005279239 0.0009372611666975672
-3.041713 2.798504 0.0009216869205914691 0.0008208622502792196
-3.041678 2.311782 0.000854884217972085 0.0008497099900424132
-3.041653 1.825072 0.0007754450248427247 0.0006119404273690066
-3.041636 1.338372 0.0006565923644217264 0.00024446664232158355
-3.041625 0.85168 0.0007910067206609028 -0.0002983306699242405
-3.041614 0.364999 0.001003193544264036 -0.0006963553815424461
-3.041609 -0.121673 0.0009517358999318049 -0.0009429500119391143
-3.041606 -0.608333 0.0007789289404485089 -0.0010006478004882524
-3.041607 -1.094986 0.00040260585161888685 -0.0010260067700791353
-3.041613 -1.58164 0.00024038146273142047 -0.001033210637672255
-3.041625 -2.068302 0.00012581083309726182 -0.0011229389669438206
-3.041645 -2.554974 0.0001560595223963901 -0.0011047587153427685
-3.041672 -3.041661 -0.00011627687895554573 -0.001397283905276936
-3.0417 -3.528362 -0.0003309705266758556 -0.0017772586353856923
-3.041728 -4.015075 -0.0005031907296029203 -0.002182814893231466
-3.041749 -4.50179 -0.0008061656632349923 -0.002846066316109841
-3.041763 -4.988501 -0.0011042273422816606 -0.0035159674353621995
-3.041769 -5.475212 -0.0016061197909351677 -0.004797630542839215
-3.041776 -5.961933 -0.0019635162449844756 -0.005997807542286182
-3.041792 -6.448683 -0.002188195629258871 -0.007006972593359251
-3.041821 -6.935474 -0.0024622663191706806 -0.00821531363106942
-3.041853 -7.42229 -0.0033293006084988974 -0.010954194210256674
-3.041869 -7.909082 -0.0032322415996759446 -0.01143688835063017
-3.041857 -8.395807 -0.003414051204856605 -0.0125266495717824
-3.528669 8.153006 0.004083112145337964 -0.0124227836595594
-3.528685 7.666271 0.003358401252782528 -0.008882364811228172
-3.528664 7.179468 0.0025440222382115962 -0.005450942298182326
-3.528635 6.692636 0.0024029906656863886 -0.004438917698763589
-3.528597 6.205816 0.0020473761575914295 -0.002847787732036977
-3.528573 5.719038 0.001670196634279364 -0.001354232638107078
-3.528567 5.232286 0.0012585220700032096 -0.00033924912446536837
-3.528547 4.745537 0.0016286456850167497 -0.0001703244309112506
-3.52854 4.258789 0.0011309082370303258 0.0004239913628225622
-3.528513 3.772027 0.0009771423460165352 0.0004981002632007403
-3.528477 3.285282 0.000982732896034122 0.0007049886970094121
-3.528443 2.798548 0.0008189255404431606 0.0009050230347611432
-3.528401 2.311814 0.0009709761904019842 0.0006245973554896977
-3.528367 1.825105 0.0010443885875162096 0.0005653278341100076
-3.528341 1.338386 0.0008402851310194137 -4.678153307224875e-05
-3.528323 0.851694 0.0007461812060540751 -0.000363117517625966
-3.528308 0.365011 0.0007599399099831317 -0.0006996963193763861
-3.528299 -0.121667 0.0007308987537584244 -0.0010646801873357425
-3.528297 -0.608334 0.0006359617919997618 -0.0012403560845726247
-3.528301 -1.094992 0.0005059431578047224 -0.0012162329794804805
-3.528312 -1.581652 0.00047828779028691315 -0.0011509913748568579
-3.52833 -2.068322 0.0004135797721716017 -0.0011933791222915602
-3.528354 -2.555001 0.00013089570693125552 -0.0014004013440285235
-3.528381 -3.041691 -0.0001059689980991152 -0.0016678146162831808
-3.528409 -3.528392 -0.000262029488197868 -0.0019513273834945721
-3.528432 -4.015098 -0.0006493235822659926 -0.0025460224543110144
-3.528446 -4.501805 -0.0009040569073306415 -0.003162767284990764
-3.528454 -4.98851 -0.0011971528510485996 -0.003872898426550364
-3.528459 -5.47522 -0.0018224709310175058 -0.0052672721585054205
-3.528472 -5.961949 -0.002080962872256009 -0.006217336680947483
-3.528497 -6.448713 -0.002231753007407633 -0.007089227445192137
-3.528534 -6.935512 -0.0029029422901771795 -0.008976171881101891
-3.528565 -7.422318 -0.004244079766294817 -0.012477440236921211
-3.528569 -7.909079 -0.004044722787213573 -0.012883963644156893
-3.52855 -8.395792 -0.004016426782939675 -0.013598361354240751
-4.015382 8.152991 0.005056875605504274 -0.013531177780009784
-4.015404 7.666269 0.003742616550411526 -0.008893864132176077
-4.015408 7.179495 0.0022458125264677165 -0.005007708330225569
-4.015372 6.692675 0.002828071567719803 -0.004753145815499238
-4.015333 6.205855 0.0026560972820135476 -0.0036074675355735053
-4.0153 5.719064 0.0020463788950877415 -0.0018632581048905195
-4.015275 5.232302 0.0017691046712258185 -0.0006554530275764137
-4.015272 4.74555 0.0014280664249497477 -0.00024820339328357477
-4.015255 4.258803 0.0015566955716650455 -8.652623183991182e-05
-4.015235 3.772059 0.0013790684860168767 0.00025519845463861657
-4.015206 3.285315 0.0012229789947610925 0.00046908113174026767
-4.015176 2.798585 0.0011516149910875129 0.0006541229374334989
-4.015143 2.31186 0.0009264735108587274 0.0007652541265272816
-4.015105 1.82513 0.001028981892446268 0.00029168847603244785
-4.015071 1.338412 0.001148082825096708 -0.00021335362114172085
-4.015047 0.851711 0.0011912217268985614 -0.00059662438179231
-4.01503 0.365024 0.0011641381445599563 -0.0008376925557467274
-4.015021 -0.121659 0.0010802415841766333 -0.001145580975552285
-4.015017 -0.608332 0.0010344461376092795 -0.001283046431737489
-4.015023 -1.095002 0.0008453469292959426 -0.0013871929925599602
-4.015036 -1.581669 0.0006120509410294517 -0.0013891649905843906
-4.015056 -2.068344 0.0003775456739134597 -0.0014854292220221055
-4.015078 -2.555027 0.00016367413105911055 -0.0016689946387060672
-4.015103 -3.041718 -2.3347267912754432e-05 -0.0018716321571474737
-4.015123 -3.528415 -0.0003826989493234123 -0.0023467028059229733
-4.015137 -4.015115 -0.0006335224431524011 -0.0028477502733323945
-4.015145 -4.501815 -0.0008298557426655861 -0.0033533375095657902
-4.01515 -4.988517 -0.0016096624552801586 -0.0046381190937268
-4.01516 -5.475233 -0.0019137385403382723 -0.005520076255038475
-4.015182 -5.961976 -0.0021454127184341587 -0.00642974612691205
-4.015218 -6.448753 -0.002527041608345826 -0.007616523283303422
-4.015258 -6.935552 -0.003579383475909026 -0.010050096637087336
-4.015279 -7.422335 -0.0035309134971441836 -0.010779501699602179
-4.015267 -7.909063 -0.003972193355451736 -0.01237782854295233
-4.502122 7.666245 0.0050511005592142055 -0.011011394923798434
-4.502143 7.179511 0.004233078203682794 -0.0080715182699862
-4.502128 6.692721 0.00259205104522664 -0.004374132433781597
-4.502081 6.205906 0.003022019223990924 -0.003801722952601949
-4.502034 5.7191 0.0028321496701266824 -0.00263784995135552
-4.502011 5.232317 0.002020623723552717 -0.0014371006907936135
-4.501994 4.745566 0.0015411250390542364 -0.0004227649425843083
-4.501982 4.258823 0.0014834427214225343 -0.0001341392473648284
-4.501963 3.772086 0.001649347332389084 5.404324001290206e-05
-4.501938 3.285343 0.0015822026031173664 0.00013956969299044886
-4.501917 2.798613 0.001241631532323595 0.0003773040716765763
-4.501885 2.311892 0.0013311385407490661 0.00046027552438943076
-4.501863 1.825165 0.0010155834238645411 0.00018151761400275745
-4.501827 1.338441 0.0010824675747755919 -0.00031063043471846186
-4.501797 0.851735 0.0012010090698169051 -0.0006570643407997068
-4.50178 0.365039 0.0011340818061285063 -0.0009646162668026648
-4.501766 -0.121651 0.0011406324355647257 -0.0012828466907137681
-4.501761 -0.608336 0.0010695756258769507 -0.0015715855537550283
-4.501765 -1.095012 0.0009043631160068344 -0.0016751296888202205
-4.501777 -1.581685 0.00070344191310312 -0.001667972885712743
-4.501793 -2.068364 0.0005760567838422048 -0.0017199133774497
-4.50181 -2.555049 0.00019380593370499355 -0.001986982643416013
-4.501826 -3.041738 -3.489455026794985e-05 -0.002238396798844633
-4.501837 -3.52843 -0.0003599972603609558 -0.002675580607714778
-4.501844 -4.015124 -0.0005503596538147804 -0.003079428437416709
-4.501848 -4.501821 -0.0013608109598095552 -0.004185968360303605
-4.501856 -4.988528 -0.0017011373467283875 -0.004983022463108
-4.501875 -5.475256 -0.0019725555136176354 -0.005811718250527065
-4.501909 -5.962014 -0.0021621751460685346 -0.006639359123454369
-4.501953 -6.448798 -0.0030716432228388157 -0.008513186118307203
-4.501986 -6.935585 -0.004524122663582375 -0.011477478684128073
-4.501989 -7.422332 -0.004457702355566084 -0.01217468474195016
-4.501965 -7.909042 -0.004139203902269628 -0.012482099317452366
-4.988866 7.179501 0.004120041983185274 -0.007684648378756265
-4.988872 6.692749 0.0034904798999662034 -0.005446026640669288
-4.988843 6.205956 0.003183270107967928 -0.0039521271478974995
-4.988802 5.719142 0.0030751921966611917 -0.0033688610095055083
-4.988755 5.232352 0.002706211831082328 -0.002174490398914486
-4.988726 4.745587 0.0020729052455408237 -0.001053206649629601
-4.988704 4.258839 0.0016857678701001078 -0.00033280307260952213
-4.988691 3.772101 0.001552789740571825 -7.403296763186518e-05
-4.988674 3.285368 0.0018393060941264139 -0.0001416871793367136
-4.988651 2.798636 0.0016394179583016921 1.8148330809708568e-05
-4.988632 2.311916 0.001513413973441402 0.0001312663890118415
-4.98861 1.82519 0.0012514687769282773 -6.965209276188489e-05
-4.988588 1.338471 0.0011446709158349222 -0.00039681281842973704
-4.988565 0.851765 0.0012116688642151985 -0.0006205416226272575
-4.98854 0.365052 0.001380399575282354 -0.0012113795004982109
-4.988525 -0.121638 0.0013774374478146 -0.0013461658272979626
-4.988518 -0.608333 0.0012849287800236198 -0.0017272108021586519
-4.988515 -1.095019 0.0011400481901944204 -0.0019551224872742523
-4.988522 -1.581697 0.0007834597986686731 -0.00201127540014312
-4.988531 -2.068377 0.0005859383549591257 -0.002076687693090662
-4.988539 -2.555062 0.0003316501598931154 -0.002296358016224076
-4.988546 -3.041749 5.874284005358277e-05 -0.0025884270819318544
-4.988549 -3.528437 -0.00030353199684896026 -0.0030417062471457257
-4.988552 -4.015129 -0.0010823088713607376 -0.003907847502844675
-4.98856 -4.50183 -0.0014249068584604174 -0.004560611810347837
-4.988578 -4.988549 -0.001711429543149734 -0.005313573247633485
-4.988611 -5.475292 -0.0018848747259028187 -0.0060098186211803295
-4.988655 -5.962061 -0.002752393349965132 -0.007623532884593942
-4.988696 -6.448839 -0.004471277352308789 -0.01045546298215072
-4.98871 -6.935595 -0.0035426898170669574 -0.009976178066352759
-4.98869 -7.422311 -0.003542707630344921 -0.010755868770104371
-5.47558 7.179478 0.006673142692903866 -0.010981904055967107
-5.475603 6.692751 0.004571313459024395 -0.006721921312845325
-5.475611 6.205985 0.002741682642380283 -0.0039362720581834765
-5.475579 5.719197 0.003097485322399507 -0.003477309384294358
-5.475528 5.232402 0.003156938928071895 -0.0027814630437603682
-5.475481 4.745623 0.0027527477517139687 -0.0017873541361268508
-5.475443 4.258862 0.0022828064315092433 -0.0009636447656191649
-5.475423 3.772119 0.0017849153072972967 -0.0003984060994355332
-5.475409 3.285388 0.0014294265357648328 -4.6881743898552486e-05
-5.475392 2.798662 0.00166502750172981 -7.66258709035128e-05
-5.475375 2.311935 0.0017712371339086985 -0.00024611111344796655
-5.475353 1.825213 0.001587756758794967 -0.0003219365158315668
-5.475339 1.338496 0.0013622983516370368 -0.0005397021921993428
-5.475322 0.851785 0.0012924531719988863 -0.0008009787761551479
-5.475299 0.365073 0.0013959686178850461 -0.0012552595176540393
-5.475284 -0.121622 0.0013562886314275602 -0.0014048826796657643
-5.475269 -0.608326 0.0013969351792297857 -0.0019220651321667503
-5.475264 -1.095012 0.001209707472980881 -0.002050784101129466
-5.47526 -1.581702 0.0009974832787804644 -0.0023584551084070426
-5.475261 -2.068383 0.0008099240581884715 -0.0024307695495693338
-5.475262 -2.555067 0.0005402355925525626 -0.0026444128967995084
-5.475262 -3.041752 -0.0002199073031192711 -0.0031973675588119477
-5.475265 -3.52844 -0.0007653536629845803 -0.0037531252657601044
-5.475273 -4.015139 -0.0010446071403578117 -0.004307606082832649
-5.475293 -4.501851 -0.0013784192185255506 -0.004933095452628322
-5.475325 -4.988583 -0.001544150831762181 -0.0055255910781681905
-5.47537 -5.475338 -0.0024724190366498533 -0.0069208728176022305
-5.475413 -5.962105 -0.004045856295107342 -0.009264686057179006
-5.475434 -6.44886 -0.003309356665198493 -0.009163047964705129
-5.475419 -6.93558 -0.004233459035532405 -0.01106262726457885
-5.962336 6.692728 0.0063634397239411555 -0.00937479474876568
-5.962356 6.205992 0.004594492411428064 -0.006211230122602274
-5.962348 5.719235 0.0026267080065451864 -0.0031803969398538356
-5.962314 5.232456 0.0031600879766244816 -0.002931756278400144
-5.962264 4.74567 0.0031693946744724144 -0.002429308149856979
-5.962218 4.258908 0.002874558151575002 -0.0015356271209441275
-5.962177 3.772142 0.002357332924759703 -0.0011328632207465716
-5.96215 3.285405 0.0019270425003412583 -0.0006342892505557529
-5.962134 2.79868 0.0014404786939508085 -0.00025411622527826694
-5.962114 2.311953 0.001312568276176762 -0.00030749225755499765
-5.962103 1.825238 0.0012286084665333874 -0.00033730405387188966
-5.962078 1.338514 0.0016428698735069247 -0.0007966344239633827
-5.962064 0.851801 0.0016294737221471678 -0.0010853256685656731
-5.96205 0.365098 0.0015148623700724784 -0.001234844691342829
-5.962026 -0.121609 0.0016833521297314746 -0.0016297053806169082
-5.962015 -0.608308 0.0015239920162173348 -0.0019307431456496715
-5.961999 -1.095007 0.0014528948612451131 -0.0023519452719824585
-5.961988 -1.5817 0.001104793127836956 -0.0027630332240846656
-5.961985 -2.068384 0.0005019328186790517 -0.003058816729904379
-5.961985 -2.555068 2.797680960497928e-05 -0.003366033116321887
-5.961989 -3.041757 -0.00029919755294827155 -0.003730996211501747
-5.961999 -3.528452 -0.0006087121986979582 -0.004167586389684175
-5.962021 -4.015161 -0.0009012194433637433 -0.004673450202417939
-5.962055 -4.501886 -0.0011655865065733906 -0.00523979998735058
-5.962098 -4.98863 -0.0021559568338034296 -0.006518106638623067
-5.96214 -5.475384 -0.003817622541930632 -0.008585237906487464
-5.962162 -5.96213 -0.0031651673496071453 -0.008656650518361175
-5.962151 -6.448849 -0.004426038812397337 -0.010675174860068637
-6.449081 6.205974 0.006438649709139099 -0.008254232151074348
-6.449107 5.719247 0.00435277948307089 -0.0052113981810748555
-6.449102 5.232496 0.0026949241143370273 -0.002937305826208103
-6.449067 4.745727 0.0027808000980371617 -0.002336375831717419
-6.449015 4.258951 0.0030781201458296437 -0.0020996596197022654
-6.448967 3.772187 0.0031115636047616135 -0.0018064150790451095
-6.448929 3.28544 0.002474448805969587 -0.001209244799937892
-6.448897 2.798702 0.0019478936631003307 -0.0008676002543666073
-6.44887 2.311979 0.00162022583884891 -0.0006000203139535643
-6.448845 1.825251 0.0014481275858031495 -0.0007860242431050324
-6.448828 1.338532 0.0011619723504168178 -0.0009800343922279353
-6.44881 0.851817 0.0010035174270797143 -0.001289184056357584
-6.448795 0.365116 0.0008474439943881862 -0.0013923563511593073
-6.448777 -0.121587 0.000799878050827374 -0.001703667960979871
-6.448753 -0.608292 0.0009443438372898072 -0.002184482980403857
-6.448737 -1.094998 0.0009143586256641356 -0.0027935948438617686
-6.448726 -1.581694 0.0008282207675449627 -0.0032289265685889745
-6.448722 -2.068386 0.0006635678187194571 -0.003570338027216735
-6.44873 -2.555074 0.0002791240976023346 -0.0038064499449177447
-6.448744 -3.04177 -1.4983117154088177e-05 -0.004138830096820811
-6.448769 -3.528476 -0.0002566218778099483 -0.0045141831839288216
-6.448803 -4.015196 -0.0008686191120546027 -0.005210724439535852
-6.448844 -4.50193 -0.001858927646480879 -0.006291356982586649
-6.448882 -4.988671 -0.0038826961134930116 -0.008333077737006533
-6.4489 -5.475406 -0.0026071863175332055 -0.007937808549939973
-6.448887 -5.962121 -0.004134463927698562 -0.009979756656804284
-6.448858 -6.448823 -0.003962552559642063 -0.010561022477787674
-6.93583 5.719228 0.006712311289078343 -0.007513684372298712
-6.935856 5.2325 0.0037863178995110047 -0.004293796849395903
-6.935855 4.745762 0.003795434607070547 -0.003398385495842149
-6.935836 4.259 0.0016481922952209516 -0.0017446430770462484
-6.935793 3.772239 0.0026315561127319143 -0.001969815602777203
-6.935744 3.285479 0.0026613394989567496 -0.0018346457941333938
-6.935702 2.798738 0.0026207654071299658 -0.0015824991958908186
-6.935664 2.312008 0.002235773225606863 -0.001225256440356759
-6.935636 1.825283 0.0017084891630645416 -0.0010947392108491272
-6.935607 1.338556 0.001456448758915485 -0.0013395274052427908
-6.935578 0.851835 0.0013951243317649187 -0.0016823219796862077
-6.935561 0.365131 0.0011415924743403139 -0.0017815677819221776
-6.935547 -0.121571 0.0009117854279736548 -0.001980695654672626
-6.935533 -0.608272 0.000789309076282052 -0.002276385860923824
-6.935517 -1.094979 0.000831073932374693 -0.002811291569280172
-6.935503 -1.581688 0.0009767427052906896 -0.003457405812312686
-6.935506 -2.068387 0.0008641760805971899 -0.0038175680267684697
-6.935518 -2.55509 0.0007396245090660614 -0.004193689813035917
-6.935541 -3.041797 0.00019894626859695563 -0.00468468946644407
-6.935574 -3.528511 -0.0007663857805937369 -0.005400677689138433
-6.93561 -4.015235 -0.0020145095512873468 -0.0064591709644332695
-6.935636 -4.501963 -0.0034912372536268776 -0.007912562085806485
-6.935644 -4.988685 -0.0021124306661874925 -0.007529634840864219
-6.935626 -5.475393 -0.0032509747627500474 -0.008983806251876558
-7.422585 5.232483 0.006043541411628439 -0.006441243468998437
-7.422606 4.745756 0.003927616366723896 -0.0041682969783209955
-7.422616 4.259022 0.004128293400668781 -0.003673312975607246
-7.422607 3.772276 0.0020745816978831044 -0.002219021331569593
-7.422581 3.285527 0.0011006727803533067 -0.0016128589952160155
-7.422542 2.798779 0.0019844938437358906 -0.0018868013758037705
-7.422502 2.312049 0.0019342473632093515 -0.0015414759095051522
-7.422464 1.825314 0.0019363435464470058 -0.0016342667268105515
-7.422434 1.338585 0.0018219192343735813 -0.0018278669490641164
-7.422405 0.851865 0.0017108304353996573 -0.001983610013752468
-7.422376 0.365149 0.0016925696059217898 -0.0022222182701003845
-7.422364 -0.121551 0.0013440029896969463 -0.002192058127801211
-7.422347 -0.608265 0.001290230561323824 -0.0026789040806640685
-7.422344 -1.09497 0.0009633442515450952 -0.003017810012376998
-7.422341 -1.581678 0.0006745873769773425 -0.003496222178640096
-7.422337 -2.068398 0.00044165011246377617 -0.004339957384893012
-7.422353 -2.555109 -0.0001379157556584687 -0.004921145526978421
-7.422368 -3.041825 -0.0010896207906228028 -0.00579926935346009
-7.422387 -3.528541 -0.0027271061935039143 -0.007024389189894009
-7.422399 -4.015256 -0.0012057161276857187 -0.006668442646457606
-7.422391 -4.501965 -0.0027239332234216818 -0.00801216413017869
-7.422366 -4.988666 -0.001395628290424611 -0.007704369932866939
-7.909355 4.259012 0.0058103269038838334 -0.0052182550915063075
-7.909375 3.772281 0.0025760915408170604 -0.0032038915720988825
-7.909383 3.285552 0.0031267212234524777 -0.0030520746014559563
-7.909364 2.798816 0.002246507273781617 -0.002392260523350842
-7.909342 2.312082 0.0001831190512291414 -0.0016127462273303195
-7.909313 1.825348 0.00021309684328230105 -0.0017529549221393381
-7.909291 1.338618 0.0005277546506476938 -0.0020472519871646
-7.909269 0.851894 0.0005558102736529236 -0.0022511608449597986
-7.90924 0.365176 0.0006319698157710718 -0.0024532820279006273
-7.90922 -0.121539 0.0004809785979205117 -0.0027096665745500736
-7.909207 -0.608256 0.00017800080328811418 -0.003171598728361147
-7.909206 -1.094961 -0.0004884642248157434 -0.003450742678484886
-7.909205 -1.581675 -0.0014370299624317795 -0.004101619293663816
-7.909192 -2.068399 -0.002135150369809935 -0.005186187277352872
-7.909189 -2.555114 -0.0017714992321771206 -0.0057194296813349865
-7.90918 -3.04183 -0.00015599092250795366 -0.005799578332670308
-7.909168 -3.528537 -0.0017416525088833623 -0.006944248878454573
-7.909141 -4.01524 -0.0012599408317726102 -0.007273082739217784
-7.909109 -4.501941 -0.0013222138758237634 -0.007913871120550198
-8.39612 3.285542 0.005067987793921702 -0.004579566746059527
-8.396128 2.798824 0.0028010611661102303 -0.0031906405724981823
-8.396132 2.312099 0.0012691088395513361 -0.0025566324054864253
-8.39613 1.825376 0.001775045000215414 -0.0025654458987318662
-8.396116 1.338638 0.0020074173611988044 -0.0029243696226046723
-8.396103 0.851912 0.001247727478272509 -0.002964475817513801
-8.396087 0.365199 0.0004976989293083989 -0.0028624780213561962
-8.396069 -0.121522 0.00015734316190219033 -0.0031799185193981394
-8.396059 -0.608231 -2.3900193895087796e-05 -0.0033038063627657266
-8.396039 -1.094953 0.00030233489519559953 -0.003819024274850591
-8.396024 -1.581667 -2.792180552546597e-05 -0.004270570985788424
-8.396004 -2.06838 -0.0012978724448373669 -0.005060947855142217
-8.395973 -2.555097 -0.0018015060105653902 -0.006014980041854301
-8.395947 -3.041798 -0.00018872760557542279 -0.0058610481798098135
-8.39591 -3.528507 -0.0010384166722872124 -0.006959430950800538
-8.882871 1.825374 0.0034387515760272436 -0.0037297976313155345
-8.882868 1.338645 0.003329302974464099 -0.0038113116427567206
-8.882864 0.851925 0.002210749031604564 -0.0036704693551925516
-8.882857 0.365216 0.0012121671352360863 -0.0034338476198954027
-8.88284 -0.121501 0.0008145801938042041 -0.0036239936921500515
-8.882818 -0.608214 0.0009006991344335802 -0.0038217837184362224
-8.882797 -1.094933 0.0011871093091144758 -0.004231363513333974
-8.882773 -1.581645 0.001210510585991642 -0.004593957625395717
-8.88275 -2.068351 -0.0009115553055778491 -0.005353346972178485
9.126059 0.000175 -0.00221872016302882 -0.0035421067063178798
8.639362 0.000175 -0.00047573140585654983 -0.0025194041228049635
8.152598 0.000168 0.0024054473042838254 -0.0017633278457827046
7.665753 0.000167 0.0008084697676622454 -0.0009563943060148985
7.178919 0.000161 0.0010181592644187276 -0.00036873469484565574
6.692129 0.000152 0.0013342936124729476 5.7870845527364934e-05
6.205369 0.000143 0.000774344808803562 0.0004126516808573492
5.71862 0.000132 0.0002662839729339339 0.0006422107804746908
5.231842 0.000124 -0.0005846561286375618 0.0008953141629092541
4.745072 0.000115 -0.0011273565523026718 0.001067363047567031
4.258315 0.000101 -0.0014192481186938721 0.0010595100547741443
3.771586 9e-05 -0.0013105132969428723 0.001085439157914051
3.284892 7.6e-05 -0.001117213036181397 0.00100033434516323
2.798222 6.5e-05 -0.0011693222402726633 0.0009544209237157311
2.311577 5.2e-05 -0.0013076910439764333 0.0008336183428249431
1.824947 3.8e-05 -0.0005441356592541524 0.0006482268782858402
1.338306 2.8e-05 -0.0007394343608737586 0.0005366343420935253
0.851656 1.4e-05 -0.0003500579322732733 0.00028319188168506905
0.364998 8e-06 -0.0001164811232907681 0.00018435579414456164
-0.121666 1e-06 -4.348543240029201e-05 2.429419464425145e-05
-0.608333 -1e-05 0.00027000678445432413 -0.000269963064521468
-1.094994 -1.3e-05 0.0004283715936814758 -0.0004019440153635381
-1.581649 -1.3e-05 0.0003021280911283952 -0.0005040902281894883
-2.068294 -1.1e-05 0.0006172564507522793 -0.0006026270095824419
-2.554944 -7e-06 0.0008091334880191425 -0.000689443055925118
-3.04161 -4e-06 0.0009734979011000178 -0.0008464899694322845
-3.5283 -3e-06 0.0007598415204910225 -0.00110520126108147
-4.015023 1.2e-05 0.0010929348313624132 -0.0010468080136000412
-4.501768 1.9e-05 0.0011616689489244436 -0.0012610750504316866
-4.98853 3.5e-05 0.0013324928301869932 -0.0012870883411504105
-5.475288 5.2e-05 0.0013460689873170395 -0.0013549245927488166
-5.962031 6.5e-05 0.0016654831391065272 -0.001589211588434086
-6.448779 8.8e-05 0.0008805277255987676 -0.0016309302651963272
-6.93555 0.000105 0.0009719090578528267 -0.0019066559104515988
-7.422366 0.000123 0.001444805195689014 -0.002215507730326445
-7.909226 0.000141 0.00048033539505354383 -0.0026086394879677533
-8.396073 0.000156 0.00021733634255838297 -0.003146424209863597
-8.882842 0.000178 0.0009492208979509087 -0.0035702808756518196
-1.6e-05 9.126484 -0.0011090946706873886 -0.01676687889761297
-1.3e-05 8.639774 -0.000866342504649215 -0.01211102944466802
-7e-06 8.152989 -0.0005805285081944858 -0.007014483417663087
-7e-06 7.666142 -0.0004749360166663054 -0.006185373391303983
-5e-06 7.179303 -0.0003528594558910098 -0.0038764443915795255
-8e-06 6.692503 -0.00039062518296165507 -0.0017978291421911763
-7e-06 6.205733 -0.00033448675564235993 -0.0007667373647564091
1e-06 5.718959 -0.00010741503294807244 -0.00025435596742795497
-1e-06 5.23218 -0.0001495348245061829 0.0004102713052986928
4e-06 4.745395 -1.7039434651055027e-05 0.0008501926586319541
4e-06 4.258607 -1.519753262613597e-05 0.000968030192368019
9e-06 3.771842 0.00012074406820443385 0.0012208541862150923
6e-06 3.285104 5.1315942258072964e-05 0.0012075281798331616
6e-06 2.798404 6.11619835568054e-05 0.0011895703472077912
1.3e-05 2.311726 0.0002684046618389861 0.000894328323568061
1.4e-05 1.825053 0.0003135046847512833 0.0010858873684469472
1.5e-05 1.338378 0.0003606255655880738 0.00045201329409394475
9e-06 0.851698 0.0002206947866949755 0.0004080480816526233
4e-06 0.365006 9.317789721224374e-05 -4.112586026394638e-06
-2e-06 -0.121672 -5.0588389261650424e-05 -0.0001902490927516709
-8e-06 -0.608349 -0.0001813704529635178 -0.00019283607728759478
-1.5e-05 -1.095011 -0.0003435507915366021 -0.0002861189589538071
-1.8e-05 -1.581652 -0.000409663394398973 -0.0003999481622756207
-2.1e-05 -2.068284 -0.0004929242836473275 -0.0002177174974775653
-2.5e-05 -2.554917 -0.000604725169527668 -0.00017935786364375872
-3e-05 -3.041564 -0.0007491746978376676 -0.00024095395767176342
-3.4e-05 -3.528237 -0.0008766141601526923 -0.0008672215185612231
-3.9e-05 -4.01494 -0.0010318737256710985 -0.0010064643639111637
-4.2e-05 -4.501671 -0.0011547285051323225 -0.001709319467494197
-4.4e-05 -4.988417 -0.0012545170578078537 -0.0024009518432990262
-4.6e-05 -5.47516 -0.00136671994657175 -0.0034152291060820517
-4.7e-05 -5.961891 -0.0014627693262909403 -0.004350921472905611
-4.7e-05 -6.448621 -0.0015465476604368587 -0.006372347906989262
-4.6e-05 -6.935373 -0.0016308829279014499 -0.007637414154658018
-4.5e-05 -7.42217 -0.0017203982334147638 -0.00866146820862923
-4.3e-05 -7.909006 -0.001814228868961132 -0.011151088086791106
-4.2e-05 -8.395823 -0.0019540760905597957 -0.012971995100940603
-4.1e-05 -8.882558 -0.0021171575424609396 -0.01395747843471895
-0.0 0.0 -2.5214761632240516e-21 6.175835424837368e-37
