8.636777 2.797911 -0.009953120422778738 -0.005816800328304339
8.636765 2.311346 -0.0054304985063708955 -0.003762728548558414
8.636764 1.82478 -0.0034490409627210283 -0.0030056023969038392
8.63676 1.338212 -0.0026576885116185167 -0.0027856755490489604
8.636763 0.851653 -0.001881791472499117 -0.0025688398653720412
8.636756 0.365104 -0.0013103551418964798 -0.002230849832955073
8.636749 -0.121449 -0.0007528235411768947 -0.0021626186849772466
8.636751 -0.608001 8.989268758341495e-05 -0.0021961837873227807
8.63675 -1.094561 0.0008109810347320945 -0.0025962877115404126
8.636755 -1.581116 0.0016194250094656581 -0.002988387536298376
8.636755 -2.067671 0.0018389081913312566 -0.003361665937752889
8.636754 -2.554233 0.00032640051691146255 -0.003426542014992151
8.150153 3.771047 -0.00781685736677673 -0.005896911415661066
8.150148 3.284474 -0.005180773942754513 -0.004099094704443473
8.150138 2.797901 -0.004614844896821069 -0.003377602148518122
8.150124 2.311338 -0.0032599586501476097 -0.0024316597272289187
8.150104 1.824767 -0.0009465839018787392 -0.0016997589527179002
8.150083 1.338201 0.0007685746635388568 -0.0014077517721773347
8.150063 0.851647 0.0015380407316456512 -0.0012519802426247395
8.150052 0.365095 0.002103502117364542 -0.0012688354703112026
8.150049 -0.121454 0.0027525410640691916 -0.0014303056781526102
8.150051 -0.608006 0.0033416036923767933 -0.001776244983492603
8.150059 -1.094554 0.003873461885945062 -0.002140395856187638
8.150068 -1.581107 0.0037510301833663107 -0.002531876841963765
8.150084 -2.067669 0.002876389472220353 -0.00288594042364565
8.150105 -2.554234 0.0023842020232791583 -0.003291433371728658
8.150112 -3.0408 0.002976771128146538 -0.004170180930898937
8.150118 -3.527367 0.003374643203528649 -0.005018799371683258
8.150123 -4.013938 -0.0005334135400687501 -0.003853131105330476
7.663538 4.744213 -0.009490006055074218 -0.0078065900659680665
7.663533 4.257627 -0.006192659943565104 -0.005067783246971658
7.663519 3.771038 -0.005556140509469287 -0.004219967301850147
7.663492 3.284455 -0.002584832946666893 -0.0023134394882475817
7.663457 2.797875 -0.0008438370787757776 -0.0013753121452850792
7.663414 2.311305 -0.0009651543990116807 -0.0010679838632086103
7.663373 1.824737 -0.00065909626439975 -0.0008891222884130912
7.66334 1.338176 -6.653697161596028e-05 -0.0007952546657961079
7.663315 0.851626 0.0005107480349408888 -0.0006653233770599343
7.663296 0.365084 0.0009804716883934361 -0.0006215689158572957
7.663289 -0.121455 0.001452529236502187 -0.0006402459288223916
7.663287 -0.607997 0.0017945158653276394 -0.0009067198153509537
7.663303 -1.09454 0.0023076780066446645 -0.0012707679090588897
7.663324 -1.581089 0.002670170024998697 -0.0017390085148107914
7.663351 -2.067648 0.0031616205704096956 -0.0024472575620606563
7.663386 -2.554204 0.004237743195517396 -0.003204679250046638
7.663421 -3.040782 0.005085063975002413 -0.004479737172104592
7.663455 -3.527356 0.003587912269495064 -0.004559652557247773
7.663475 -4.013935 0.0033205974252723536 -0.005275130247866855
7.663484 -4.500516 0.0037311539094844193 -0.006534955487168759
7.176933 5.230796 -0.007367715964591071 -0.007030672044919584
7.176925 4.744207 -0.006382118742322973 -0.005465057483149849
7.176896 4.257606 -0.0035545558377805264 -0.003081048761856664
7.176846 3.771001 -0.002065671931717361 -0.0018862619534303349
7.17679 3.284407 -0.002070680363885913 -0.0015381158056726463
7.176734 2.797826 -0.0013519560983468182 -0.0009365593534482741
7.176685 2.31126 -0.0007086370317495039 -0.0003807387214962432
7.17664 1.824697 -0.00020613141029457438 -0.00019585919342546276
7.176609 1.338142 0.00035099538897043203 -0.00020125951353122673
7.176581 0.851603 0.0006767731152024226 -8.748376196265895e-05
7.176563 0.365069 0.0009407538970833684 -8.721304647352213e-05
7.176555 -0.121461 0.0012617145050626277 -0.0001193589422237018
7.176555 -0.607991 0.0016319315769806053 -0.00031658268519763055
7.176563 -1.094526 0.002030494774857061 -0.0007028268560915762
7.176576 -1.581066 0.00232022768045681 -0.0011921310909670524
7.176605 -2.067615 0.0026985354281805485 -0.0018198687317365625
7.176642 -2.554168 0.0029572671240316595 -0.002439506717720974
7.176694 -3.040735 0.0033493270819349164 -0.003238712081980566
7.176746 -3.527314 0.004042400065969787 -0.004287002650045224
7.176792 -4.01391 0.005269006313113778 -0.006119819463378917
7.176833 -4.500501 0.003454148750108743 -0.005957650552261384
7.176856 -4.987089 0.0038845775932827564 -0.007188318767589408
7.176872 -5.473676 0.002095976633313512 -0.006783092220985054
6.690333 5.717392 -0.00701768606509745 -0.007320748471926208
6.690317 5.230786 -0.006024350081730745 -0.0056983629773696975
6.690275 4.744173 -0.002710053649565225 -0.002528397035447938
6.690213 4.257551 -0.0028912565141183677 -0.0022236463160538733
6.690143 3.770942 -0.0021651264837032613 -0.0013400772364775548
6.690087 3.284351 -0.001293009691920588 -0.0006374540454743283
6.69003 2.797777 -0.0008039552263312544 -0.000110848391784657
6.689985 2.311217 -0.0006226455794831054 0.00015263324291936442
6.689949 1.824662 -0.000341406746457551 0.0002758890737055708
6.689919 1.338116 0.00010429052505855907 0.00031568002994930566
6.689901 0.851583 0.0005261039587196592 0.00036721614034362915
6.689884 0.365057 0.0007325670438262932 0.0004112258438464522
6.689874 -0.121467 0.0009982506099106558 0.0003146670869687007
6.689871 -0.607989 0.001209560821081368 0.0001628939778690608
6.689871 -1.09452 0.0013884482616219884 -0.00023902343717452368
6.689878 -1.581049 0.00150552369353818 -0.0006147273808636555
6.689897 -2.067583 0.0016867248516518885 -0.0010661298389536
6.689924 -2.554128 0.0022178071704672675 -0.0018242018487768519
6.689971 -3.040685 0.0028573536843623515 -0.0026917091508948943
6.69002 -3.527267 0.003040715698830354 -0.0037537669373080007
6.690079 -4.013853 0.0033310851952990106 -0.004748958301220796
6.690146 -4.500456 0.0043635787799019 -0.006353649099352765
6.690204 -4.987063 0.0045855787680295634 -0.007452282041555236
6.69024 -5.473664 0.0034950562758524484 -0.007586557086654011
6.690247 -5.960267 0.0030481721109083537 -0.008586905755294083
6.20374 6.203992 -0.006966890793393077 -0.00809426645912481
6.203722 5.717378 -0.0055290375220238275 -0.005794517091800344
6.203676 5.230743 -0.002940536223121626 -0.002976575086847788
6.203606 4.744108 -0.002894665238414973 -0.0023819639936988324
6.203534 4.257483 -0.002065877953356221 -0.0013506765896806883
6.20347 3.77088 -0.0013896911711128723 -0.0005721848793740492
6.203415 3.284297 -0.0012850764567531314 -0.00021087848497813866
6.203373 2.797734 -0.0006887526843399883 0.000358277161069509
6.203336 2.311183 -0.0004127729721403739 0.0006672484948140323
6.203313 1.824633 -5.8246170368647654e-05 0.0006922627701086981
6.203289 1.338091 0.0002500990330247532 0.0006348093735297766
6.203267 0.851564 0.00041178225569638016 0.000701126094991622
6.203252 0.365044 0.0005862675694174868 0.0007610134913793587
6.203239 -0.121474 0.0006867960598810896 0.0006735913509232638
6.203235 -0.607992 0.0009139338187083013 0.000529342145934919
6.203234 -1.094518 0.001044895292181991 0.00012798056856411222
6.20324 -1.581041 0.0011509535599145693 -0.0002251471270611205
6.203249 -2.067566 0.0012924944930148285 -0.0006285148168316823
6.203264 -2.554101 0.0015836098779686836 -0.0013133646731660065
6.203288 -3.04065 0.0016798371997879258 -0.002054080252221979
6.203326 -3.527216 0.0020794019300751643 -0.0031310672343067836
6.203384 -4.013791 0.0027453900272575993 -0.004207281600997703
6.203449 -4.500388 0.002993357139615682 -0.005276668941917251
6.203517 -4.987 0.0034114392970820973 -0.006501371367335196
6.203583 -5.473634 0.0045984055394114876 -0.008795272334310766
6.203625 -5.960254 0.0029546747540791785 -0.008451795348264568
6.203645 -6.446857 0.0030352512678177845 -0.009569851844133836
5.717155 6.690609 -0.006922530841478647 -0.008910308957268853
5.717139 6.203979 -0.005484307727499527 -0.006538247902739158
5.717091 5.717328 -0.0032140753704368308 -0.0035459913161730583
5.717018 5.230675 -0.0029524948008372576 -0.002668025218298453
5.71695 4.744036 -0.002035829103931519 -0.001534044048838723
5.716882 4.257426 -0.001679387358308304 -0.0006117298376295821
5.71683 3.770828 -0.0012815660231524362 -0.00016758570086494728
5.716789 3.284255 -0.0008990156226786894 0.0003052514278323315
5.716757 2.7977 -0.000492288978449551 0.0007700353307029673
5.716728 2.311155 -0.00018408738640118827 0.0010764812475159147
5.716699 1.824608 -0.00020848940604878408 0.0010066921097120485
5.716673 1.33807 -0.00016947526975741312 0.0008766999014540033
5.716651 0.851546 -5.511344832598297e-05 0.0009255583329021988
5.716637 0.36503 0.00011903639830279644 0.0009744478424043024
5.716628 -0.121484 0.0003021972962926611 0.0009356716658319719
5.716618 -0.608002 0.00027140897702793154 0.0006747909800779439
5.716614 -1.094518 0.0002505598918389751 0.000438100626361404
5.71662 -1.581033 0.000425490043028276 0.0001846617986984711
5.71663 -2.067558 0.0007083059389856317 -0.00033984644428386446
5.716643 -2.554089 0.0010364931439426073 -0.0009919913025413507
5.716654 -3.040632 0.0009019955542157732 -0.0017899077631824412
5.716678 -3.527178 0.0012344690108250234 -0.002604909906565922
5.716713 -4.013737 0.0012969494441108509 -0.003311430572622953
5.716774 -4.500319 0.002159738354748697 -0.00457753569494912
5.716844 -4.986937 0.0025696582296461656 -0.005999011903043083
5.71691 -5.473572 0.002695718653598078 -0.0074377192648569235
5.716979 -5.960215 0.00398695443948327 -0.009862480246852101
5.717022 -6.44684 0.002405741973717568 -0.00919351039965477
5.717043 -6.933453 0.0020360618498216354 -0.009899910000797263
5.230563 7.177226 -0.007420223283588712 -0.010538338083705412
5.230552 6.690596 -0.006232016419517095 -0.007922855272937568
5.230506 6.203938 -0.0036407482849654116 -0.0038832796582823903
5.230437 5.717261 -0.0034318366137426892 -0.00316723682632869
5.230366 5.230607 -0.0025986396377106757 -0.0017595852798137912
5.230303 4.743979 -0.002231642916058263 -0.0009805703075329575
5.230253 4.257376 -0.0016435685797944188 -0.00010483324228971469
5.230218 3.770789 -0.0012839552226466822 0.000251069439116236
5.23018 3.284226 -0.000985512191334692 0.0008268497385586215
5.230148 2.797669 -0.0009315176321251784 0.0009767497611363751
5.230112 2.311127 -0.0008533577910156964 0.0013052402723872092
5.230079 1.824581 -0.0006448160171430573 0.0012516970008746853
5.230055 1.338046 -0.000420348174600349 0.0011513384731856036
5.230025 0.851525 -0.000544908068377481 0.0011163799708562294
5.230005 0.36501 -0.0006039114276177315 0.0010533788035989033
5.229992 -0.121494 -0.0006408383031271114 0.0010984637645417017
5.229983 -0.608003 -0.0005975633813193326 0.0009270381168704489
5.22999 -1.094512 -0.00034258082519045274 0.000710969990365129
5.229996 -1.581026 -0.0003163955102252203 0.00038284247784048375
5.230009 -2.067553 -0.00025826769095260715 -0.0001895333130335075
5.230022 -2.554076 -0.00031643388953739304 -0.0005649162086740489
5.230038 -3.040616 -0.0001034643037769456 -0.0014276921694857947
5.230058 -3.527152 0.00020692253383458592 -0.002109636847450247
5.230088 -4.013703 0.00045510596490316857 -0.002885412690460498
5.230118 -4.500274 0.0005176879849386751 -0.00395569891097125
5.230163 -4.986869 0.0008626561205176131 -0.005358408259240832
5.230236 -5.473493 0.001354311045815848 -0.0066493944276544426
5.230318 -5.960145 0.0019361211673469825 -0.008208076616767812
5.230387 -6.446803 0.0028958158902696596 -0.010490245927258002
5.230426 -6.933439 0.0018700252336145695 -0.010401074927273157
5.230436 -7.420062 -0.0005410523805267076 -0.008591124732078015
4.743991 7.663855 -0.008528141459436256 -0.01401553725727922
4.743983 7.177226 -0.006408949768314187 -0.009451219225553587
4.743949 6.690559 -0.0036138281472091194 -0.004598298491288233
4.743886 6.203871 -0.0035206437537169677 -0.0038618808862054266
4.743815 5.717192 -0.002712496914753615 -0.0023274683418605946
4.743755 5.230548 -0.0022961831276120392 -0.0013471747933806455
4.743706 4.743934 -0.0017162734556990245 -0.0002795067063487977
4.74367 4.257337 -0.0013454807396868773 0.00021908109243895524
4.743637 3.770756 -0.0010794268797411632 0.000570588306302966
4.743598 3.28419 -0.001042097120276253 0.0008951755322499366
4.743558 2.797633 -0.0008273247703982634 0.0012360462510230263
4.743515 2.311089 -0.0008978467168105908 0.0014258821839803204
4.743476 1.824547 -0.001254193155006078 0.001203466786456886
4.743441 1.338012 -0.0012694091364124915 0.00098957473305461
4.743407 0.851497 -0.0011945726001130197 0.0010862351290121808
4.743383 0.364993 -0.0011643493043038688 0.001139583717861825
4.743368 -0.121504 -0.0012219905684247578 0.001196710964419978
4.743366 -0.608 -0.0012104408943827139 0.001171342621180571
4.743372 -1.094504 -0.0012981727210217286 0.000983736684300851
4.743377 -1.581018 -0.0016241501441385253 0.0006612014093434482
4.7434 -2.067534 -0.0011582558799432263 0.00021836521656126706
4.743419 -2.55406 -0.0008906863920117303 -0.0004511314669315425
4.743443 -3.040593 -0.000813311861946886 -0.0010138431029673711
4.743471 -3.527131 -0.0005958650682202915 -0.0015776815517511977
4.743484 -4.013684 -0.0005118184202075327 -0.002743995458232007
4.743511 -4.500241 -0.0003594926009355959 -0.0035406298320594942
4.743541 -4.986819 -0.00029900339872313 -0.00460621811623696
4.743598 -5.473426 0.0003076581664487321 -0.0060558897616260765
4.743672 -5.960068 0.0007628919593400951 -0.007409206233177201
4.743745 -6.44674 0.0013253355435125513 -0.009391148570813357
4.743809 -6.933408 0.001396551108513222 -0.010562596747604402
4.743835 -7.420046 0.001252755893176527 -0.011814060491815326
4.257412 7.663854 -0.00616583423536099 -0.010785639833301275
4.257393 7.177205 -0.0043498061481557215 -0.006602973694072034
4.257341 6.690504 -0.0035844714642223607 -0.004744405646533778
4.257274 6.203807 -0.0028443786516305636 -0.0029567039463245237
4.257216 5.71714 -0.002296981729074332 -0.0016844412674004161
4.257169 5.2305 -0.001768444837921379 -0.0007658808656003657
4.257132 4.7439 -0.0014280646189206436 0.00011606467596436687
4.257101 4.257306 -0.0011400759487543155 0.0005055872681509754
4.257063 3.770722 -0.0009980504755588981 0.0008249375366489176
4.257022 3.28415 -0.0007646575167257197 0.0011719612222691467
4.256973 2.797591 -0.001181870548776942 0.0010813062414030128
4.256926 2.311045 -0.0011157196320112917 0.0013100894922644102
4.256882 1.824506 -0.000996314453203695 0.0013169149542306968
4.25684 1.337975 -0.0012275888752952824 0.0010801177080992375
4.256804 0.851466 -0.0014195339409468488 0.0010328891974680232
4.25678 0.364975 -0.0015368171116278972 0.0011686088309996734
4.256766 -0.121514 -0.0016346633578763203 0.0012231792433845534
4.256764 -0.607999 -0.001605124817331216 0.001316393464563248
4.256764 -1.094502 -0.001729028542541755 0.0009606290792376626
4.256776 -1.581003 -0.0016761579755808498 0.0006927142574184586
4.256797 -2.06751 -0.001618059388803772 0.00041781632641857414
4.256824 -2.554034 -0.001904526528122119 6.301915952633408e-05
4.256855 -3.040566 -0.0014684951008803182 -0.0006354878837129263
4.256877 -3.527112 -0.001403362058411517 -0.0014862669890334246
4.256906 -4.013663 -0.0013350265191860444 -0.00221385280673303
4.256928 -4.500217 -0.0010502163526240338 -0.0032685480398413347
4.256957 -4.986783 -0.0008918272027500507 -0.004154744395435728
4.25699 -5.473373 -0.0007885487014789305 -0.005234033459458942
4.257042 -5.960003 -0.00035353851087904786 -0.00695133573486828
4.257114 -6.446666 -6.488265839266205e-06 -0.00836674104786539
4.257189 -6.933354 0.0011450373099535227 -0.01115130071300996
4.257237 -7.42002 9.142932849215413e-05 -0.010526342585876591
4.257263 -7.906659 7.627469403814757e-05 -0.0115887376532271
3.770847 8.150494 -0.006798916528623522 -0.014359515180473181
3.77084 7.663847 -0.005317959314766085 -0.01023360957194086
3.770804 7.177159 -0.0032461341514391506 -0.005239336379162296
3.770743 6.690448 -0.002990609861797111 -0.003899072769115719
3.770687 6.203747 -0.0022414271539048514 -0.00235532986346243
3.770641 5.717092 -0.0018652441528104191 -0.001307946012929051
3.770605 5.230469 -0.0014938871632921291 -0.0004124027396699148
3.770573 4.743868 -0.001211442397405449 0.00033193295514877263
3.770538 4.257276 -0.001017428641148399 0.0008598645344619626
3.7705 3.770681 -0.0007624458118158373 0.0010237302861639819
3.770453 3.284101 -0.0011069556323377583 0.0007913484222541456
3.770399 2.79754 -0.0008790779174319141 0.0012297439856467918
3.770349 2.310999 -0.0010810357109392044 0.001362690089386831
3.770303 1.824465 -0.0012559181723474921 0.0012426957824231977
3.770265 1.337942 -0.0014162941984636745 0.0010569160033782055
3.770235 0.85144 -0.0013037544009790736 0.0010348941890150343
3.77021 0.364956 -0.0013360786626179788 0.001192417498625531
3.770197 -0.121522 -0.0013972882756689842 0.0012678765758993293
3.770188 -0.608002 -0.0016333232954934829 0.0012500719487356093
3.77019 -1.094497 -0.0019287449505895893 0.0009894179500626876
3.770203 -1.580986 -0.0020623856590731293 0.0008975487801521354
3.77022 -2.067488 -0.0020466975858965952 0.0005561447561390764
3.770247 -2.554008 -0.001973494521777752 8.635937007284156e-06
3.770275 -3.040539 -0.0021275706890548918 -0.0004356288155662469
3.770309 -3.527086 -0.0020579503823086043 -0.0011096428149244275
3.770336 -4.01364 -0.0018612591734381567 -0.0021019724637767467
3.770364 -4.500196 -0.0018283105682144196 -0.002772150236495463
3.770381 -4.98676 -0.0016853740809921192 -0.0039427923335040305
3.770413 -5.473336 -0.0014171573566983398 -0.004909655631962551
3.770455 -5.959947 -0.0012068244381566728 -0.006080767087894401
3.770515 -6.446599 -0.0006866117297334995 -0.007835550124525525
3.770585 -6.933286 -0.0003019705053901589 -0.009404868557709278
3.77064 -7.41998 0.00024508186645277874 -0.011829363372783064
3.77068 -7.906643 4.044114642454133e-05 -0.012330100862072868
3.28428 8.150496 -0.005097002283491747 -0.011887704581852176
3.284263 7.66383 -0.003611164189848637 -0.007313652796824499
3.284222 7.177113 -0.002967792431505245 -0.005303320728074823
3.284168 6.690393 -0.0022848654187015427 -0.0032625891682869224
3.284117 6.203703 -0.002023777791549719 -0.0021872437982892734
3.284079 5.717059 -0.0015934091156282193 -0.0008902800313990156
3.284053 5.230444 -0.001157880112018006 0.0001209038387912642
3.284028 4.74384 -0.0009173511964490899 0.0005515923542418477
3.283988 4.257241 -0.0007468100101277741 0.001175417649363908
3.283943 3.770633 -0.0010574043689928203 0.0006310065493835282
3.283894 3.28405 -0.0007609406596884583 0.0010365472724060965
3.283845 2.797492 -0.0008944978072378262 0.0011504835478461928
3.283798 2.310951 -0.0010536337981221777 0.0011628775919376722
3.28375 1.824423 -0.0009959226669877808 0.0013019280246808762
3.28372 1.337911 -0.0010186401308089899 0.0011288292436191227
3.283698 0.851417 -0.0010111072782450492 0.001068144956537509
3.283679 0.36494 -0.0010769874047156236 0.0011709123167822355
3.283665 -0.121537 -0.0011838717828140943 0.0011295615703321715
3.283648 -0.60802 -0.0015585484027269558 0.0008461948332403324
3.283648 -1.094493 -0.0017315331733982475 0.0008500010797298785
3.283656 -1.580973 -0.0018017628536739494 0.0007302038277217093
3.283671 -2.067468 -0.0020850787137618454 0.0005597211465939722
3.283692 -2.553983 -0.002337671325847168 0.0001624825984833933
3.283711 -3.040512 -0.0025481136904232926 -0.00046032833000708706
3.283744 -3.527056 -0.0026113665826130728 -0.0010090244607283694
3.283782 -4.013609 -0.0024262028914705525 -0.0016460675142297987
3.283814 -4.500172 -0.002170934931740476 -0.0026188871862160568
3.28384 -4.986738 -0.002092150542310378 -0.0033999080677631355
3.283863 -5.473311 -0.0018801809630275557 -0.004528353502649907
3.283894 -5.959905 -0.0016275864517893979 -0.00569707769139427
3.28394 -6.446541 -0.0012391157423650156 -0.007274137079889442
3.284 -6.933223 -0.0009492129021708706 -0.008844010303846517
3.284061 -7.419932 -0.0001556798284383376 -0.01163643476277798
3.284106 -7.906619 -0.0008326603149129141 -0.011152690030030499
3.284126 -8.393268 -0.0011792570082889142 -0.011518991330717654
2.797717 8.637152 -0.006545406230216599 -0.0189060076283738
2.797713 8.15049 -0.004370152328505128 -0.011581626993432792
2.797693 7.663799 -0.002592122516176687 -0.005843447767261978
2.797651 7.177063 -0.0023329781914185332 -0.004777523750107093
2.797601 6.690346 -0.0018657694799770752 -0.0027923176352828705
2.797563 6.203674 -0.001569706034530327 -0.0015232319853737408
2.797536 5.717034 -0.0012048738330037168 -0.0005345577604032314
2.797506 5.230421 -0.001159572558748323 0.00019580872830715634
2.79748 4.743808 -0.0008224726196885968 0.0008350960087426529
2.797444 4.257197 -0.0009105215658991028 0.0007647171202904701
2.7974 3.770591 -0.0006746337772511879 0.0010966187904273283
2.79735 3.284007 -0.0008595973044691618 0.0010285394083808796
2.797304 2.797442 -0.0009418702569234938 0.0009564755195441421
2.797265 2.310913 -0.0007456081021217642 0.0013946096407835284
2.797235 1.824392 -0.0007228115075292862 0.0012987454497661588
2.797212 1.337887 -0.0008837786076014709 0.0010716124580270048
2.797193 0.851398 -0.0010341706880723223 0.0009548490713839897
2.797172 0.364917 -0.0011908396036091062 0.0009155931531346084
2.797162 -0.121548 -0.0012703057379184202 0.0010507648944879655
2.79715 -0.608027 -0.0015483966048321918 0.0008087518536363802
2.797144 -1.094496 -0.001755747486086534 0.000795462646369316
2.797141 -1.580967 -0.0017866650045164079 0.0006609550981409029
2.797138 -2.067463 -0.0022287559499289955 0.0001912512780677389
2.797152 -2.553963 -0.002481343421735005 -0.00010758010846245725
2.79718 -3.040481 -0.0027456304123063546 -0.00021918960007383248
2.797215 -3.527018 -0.0025203084607170467 -0.00077203078008381
2.797248 -4.013576 -0.0026548051414749807 -0.0012850222988589621
2.797283 -4.500141 -0.002290559301400208 -0.0022776658324943355
2.797315 -4.986714 -0.0021304041452623323 -0.003075458865168912
2.797338 -5.473287 -0.0018879232180495364 -0.0041705768659312525
2.797364 -5.959877 -0.0017184420466520578 -0.00526454165725454
2.797398 -6.446498 -0.001531681614025615 -0.006505006431922311
2.797443 -6.933166 -0.0011663983331686723 -0.008372252040544481
2.797499 -7.419881 -0.0008787337682321095 -0.010225819373005152
2.797544 -7.906591 -0.0007151712061670423 -0.012016052209844474
2.797565 -8.393255 -0.0008334187165530693 -0.013197161524630019
2.311148 8.637155 -0.004566923612273399 -0.014446605267835366
2.311145 8.150488 -0.003551980801397292 -0.010369664725743633
2.311123 7.663764 -0.002363583509506384 -0.006167303742245167
2.31108 7.177025 -0.0020129921710747567 -0.004207272645970761
2.311046 6.69031 -0.0016327142968393105 -0.002739062471988518
2.311019 6.203645 -0.0012738559412497352 -0.00135218355413258
2.310995 5.717015 -0.0010594553239542392 -0.00022240811367169044
2.310975 5.230397 -0.0008649547253227752 0.0003840415722038415
2.310943 4.743781 -0.0007662324907116158 0.0010077688831842124
2.310913 4.257159 -0.0006660434314014196 0.0009236833163441815
2.310874 3.770548 -0.0005771490376815791 0.000985205936103739
2.31083 3.283959 -0.0007493599343533219 0.000774907495269872
2.310793 2.797406 -0.0005205041241609365 0.0012157263605843127
2.310761 2.310884 -0.0005561825532112152 0.0014462610286187783
2.310744 1.824373 -0.0006503979888634603 0.0012298032035644724
2.310731 1.33787 -0.0004980789583513001 0.0010225186341159542
2.310712 0.851382 -0.0009083345080682648 0.0008200826540907258
2.310704 0.364907 -0.000990414246899718 0.0008249376546682896
2.310689 -0.121564 -0.0012186097189754719 0.0008701605355985187
2.310679 -0.608035 -0.0013377900871063275 0.0008044784566010321
2.310668 -1.094501 -0.0014314741951437782 0.0007216721922134184
2.310651 -1.580979 -0.001828706330293528 0.0003461171866092627
2.310646 -2.067456 -0.0022054766995154296 0.0001603600167214836
2.310652 -2.553946 -0.002333543136316507 -0.0001376669455623869
2.31067 -3.040456 -0.0025041765538134086 -0.000397455689451931
2.310702 -3.526985 -0.0025249175560304593 -0.0005149811506441893
2.310738 -4.013539 -0.0022908939061494493 -0.0012148343593452182
2.310772 -4.500111 -0.002349948062253304 -0.0016179514308305443
2.310801 -4.986688 -0.0020015623626363777 -0.0028813629836577093
2.310824 -5.473268 -0.001949227077872706 -0.0036908132726978238
2.310843 -5.959856 -0.001762682005505667 -0.004946445901566676
2.310868 -6.446465 -0.001592045463667091 -0.006221532392203244
2.310904 -6.933122 -0.001296899380328398 -0.00803123122838656
2.31095 -7.419832 -0.0011313395274754612 -0.009722145293267204
2.310994 -7.90656 -0.0005364215927272653 -0.013048997938511775
2.311018 -8.393247 -0.0010916146877448796 -0.012687500934845275
1.824586 8.637156 -0.003454224581552978 -0.012940568906628869
1.824579 8.150482 -0.0025545334236980466 -0.008176856276975286
1.824564 7.663736 -0.0018632172165595762 -0.006026737363299617
1.82453 7.176994 -0.0014682833761554548 -0.0037638504956589713
1.824501 6.690288 -0.001276831682098134 -0.0024953932917526345
1.824478 6.20363 -0.0010746933904641764 -0.0011194656654822666
1.824462 5.717003 -0.0008687336156825154 -0.00012184713855845075
1.824444 5.230378 -0.000652869688103408 0.0006553988810935607
1.824419 4.743754 -0.0007055977688352755 0.0007432757273733159
1.824389 4.257127 -0.00047588862720715497 0.0011685671152861232
1.824352 3.770513 -0.0006315276723398711 0.000931894232408581
1.824322 3.28393 -0.00039588503129550645 0.001242748809289651
1.824297 2.797381 -0.0003096151576684747 0.0012997076931640095
1.824279 2.310863 -0.0003953255458526428 0.0012295027054847196
1.824265 1.824359 -0.0004153197732463809 0.0011944310468905428
1.824255 1.33786 -0.0005912023032479397 0.0008820955412289777
1.824249 0.851371 -0.0005675565339089417 0.000723058525530007
1.824243 0.364898 -0.0004763964056380132 0.0007923081395286857
1.824233 -0.121576 -0.0005906777623323478 0.000715653544592243
1.824218 -0.608047 -0.000985558628144645 0.0006314181929703011
1.824194 -1.094525 -0.0015675769062539757 0.0003256158195448222
1.824181 -1.580991 -0.0017922124462117495 0.00019210616739684383
1.824172 -2.067461 -0.0018948532639626592 -9.476037131861403e-05
1.824175 -2.553937 -0.0020614446275644127 -0.0001687462596748901
1.82419 -3.040433 -0.002059078326496433 -0.00033093593521016373
1.824212 -3.526957 -0.0022357287611285415 -0.00029381504440095796
1.824239 -4.013508 -0.0021413788518387378 -0.0009241906215322615
1.824268 -4.500081 -0.0020845126889526 -0.0015008485272716143
1.824293 -4.986666 -0.0019066829890661552 -0.0026455461215277865
1.824314 -5.473252 -0.0018504216809134277 -0.003466481966484025
1.82433 -5.959841 -0.0017186459305733592 -0.004795831027109898
1.824349 -6.446442 -0.0016119582633677965 -0.005981862485100464
1.824376 -6.933088 -0.0014354319960503403 -0.007501238633693674
1.824412 -7.419791 -0.001247026402772633 -0.009360959270225067
1.824449 -7.906529 -0.0008541807852893157 -0.012463638727609805
1.824474 -8.393237 -0.0013441494609907068 -0.012034950224887098
1.824484 -8.879898 -0.002038748441741234 -0.010729892924274509
1.338034 8.637161 -0.0024826804140545278 -0.012525224134861901
1.338027 8.150469 -0.0016241027930945506 -0.00684396037706847
1.338001 7.66372 -0.0016119470276194647 -0.005520131810214934
1.337984 7.176968 -0.0011084650264692186 -0.0035713798549181774
1.337961 6.690274 -0.0009698505396826818 -0.0020831604539637283
1.337952 6.203618 -0.0006551585005922789 -0.0009075891986185525
1.33794 5.71699 -0.0005576511315865673 -8.04056776928519e-05
1.337922 5.230361 -0.00045816231853734735 0.0007945837913041487
1.337902 4.743728 -0.0005213953375005076 0.0006986538869711012
1.337873 4.257104 -0.0004705676636547196 0.0012286152224874058
1.337854 3.770485 -0.00031002347448350065 0.0008609910278352118
1.33783 3.283907 -0.00021556478341011598 0.0012351580655121097
1.337815 2.797365 -0.00017533577271677814 0.0012072430613869756
1.337807 2.310855 -6.36847647825789e-05 0.0014030258570940646
1.3378 1.824353 -0.0001833941229847369 0.0011217670051308914
1.337796 1.337858 -7.026363350348674e-05 0.0010593652498513961
1.337786 0.851366 -0.0002866286729812373 0.0007226521320973234
1.337779 0.364889 -0.0004981104151582372 0.0006354024257486657
1.337766 -0.121589 -0.0007688443099809206 0.0005307227039756945
1.337754 -0.608066 -0.0009203666344177464 0.00035044867435729543
1.337739 -1.094543 -0.0010274085990502613 -8.65317814380262e-05
1.337726 -1.581005 -0.001404909777470209 8.439944160443247e-06
1.337717 -2.067466 -0.001591305926964992 -5.758479216666501e-05
1.337716 -2.553933 -0.0016350294017044575 -0.00010058358654418953
1.337723 -3.04042 -0.001626042512434367 -0.00035501685950123374
1.337737 -3.526938 -0.0017286864538732516 -0.0005532178767282403
1.337756 -4.013485 -0.0018379995134338856 -0.0007022260187170559
1.337777 -4.500059 -0.001760502621401372 -0.0015660626181812631
1.337797 -4.986648 -0.0017875368751560927 -0.002239157044499507
1.337812 -5.473238 -0.0017138477525762141 -0.0033924332151968883
1.337826 -5.959829 -0.001663585751416008 -0.004505130741137009
1.33784 -6.446427 -0.0015992445625698792 -0.00565170710132179
1.337858 -6.933065 -0.001528126487492898 -0.007060216315977641
1.337884 -7.419762 -0.0013657694110591478 -0.009095593210872721
1.337912 -7.906502 -0.0012244728101933333 -0.011564644341035546
1.337933 -8.393225 -0.0014556036169821596 -0.012003254674397112
1.337943 -8.879894 -0.0016451840257687422 -0.013011498691440693
0.851473 8.637167 -0.001866208604134556 -0.01236858478597469
0.85147 8.150458 -0.0011451269677813514 -0.006503987484990148
0.851454 7.663705 -0.0010788559869858716 -0.00526697883933025
0.851439 7.176964 -0.0008515113146820852 -0.003197750887920847
0.851428 6.690263 -0.0006919750098610677 -0.0019657519753479846
0.851423 6.20361 -0.0004559932622605345 -0.0008154585039221729
0.851414 5.716982 -0.0004147918978461007 -1.639022411836777e-05
0.851405 5.230351 -0.0002961449246967618 0.0008330274675074634
0.851393 4.743713 -0.00020924163846203214 0.0009514986889769261
0.851371 4.257079 -0.00033571987207636766 0.001058731069988994
0.85136 3.770468 -0.0001675127479856542 0.0010901678071348897
0.851349 3.283895 -1.4416006365536305e-05 0.001327493000786717
0.851343 2.79736 5.9352148316094144e-05 0.0012657054870572892
0.851336 2.310846 5.977122743416885e-05 0.0011508674786000483
0.851327 1.824347 -0.00010771845874302244 0.001067808448361518
0.851329 1.337852 1.1525864206163305e-05 0.0009030617088114923
0.851324 0.85136 -0.00010098483388532031 0.0005753349509873829
0.851314 0.364877 -0.00010981654577335576 0.0005227887879488691
0.851298 -0.121605 -0.00040054317322102406 0.0002277111018424982
0.851289 -0.608085 -0.0006601062034370386 -9.288458711509406e-05
0.851282 -1.094553 -0.0009179219324870758 -2.424979154014295e-05
0.851273 -1.581017 -0.0009659096189906791 -0.00035458928093135
0.851267 -2.067473 -0.001163848414719837 -8.553637870534203e-05
0.851264 -2.553933 -0.0011928092243387312 -0.0002089192005030327
0.851265 -3.040415 -0.0013055670903980854 -0.0003134310113352967
0.851271 -3.526926 -0.0013887463343991158 -0.0005715307144811277
0.851281 -4.01347 -0.0015724265853087616 -0.0005555765190905504
0.851294 -4.500044 -0.0015358556895961328 -0.0014452444622321536
0.851306 -4.986636 -0.0016393524144540095 -0.001942854312574127
0.851316 -5.473229 -0.0015935502064436946 -0.0033315524614749847
0.851324 -5.95982 -0.0016160286006616786 -0.004253231123982459
0.851334 -6.446418 -0.0015702053357031787 -0.005447088940911726
0.851347 -6.933051 -0.0015427731558901314 -0.006819895794535569
0.851361 -7.419742 -0.0015098542123617165 -0.008914842052803351
0.851381 -7.906483 -0.001457474995916641 -0.011068608630154131
0.851397 -8.393216 -0.001539446091168628 -0.012451214008933675
0.851402 -8.879892 -0.0017125800179123019 -0.01386966161672376
0.364916 8.637175 -0.0011169364429495232 -0.012158470236784069
0.364914 8.150453 -0.0007380869292408221 -0.006458982437891336
0.364909 7.663694 -0.0005962602832187969 -0.005253679653861809
0.364898 7.176953 -0.0005981472636182872 -0.003349626527409555
0.364891 6.690267 -0.000559761882310994 -0.001736609421442381
0.364897 6.203614 -0.00023101079363563315 -0.0006326894829271623
0.364897 5.716979 -0.00010342029024279498 1.6649750989472523e-05
0.364887 5.230344 -0.0001838427486262617 0.0007143438052139572
0.364884 4.743703 -0.00010512467482293175 0.0009998762642311476
0.36488 4.257068 -2.735173358736631e-05 0.0009685717226233237
0.364875 3.770465 6.686922052523414e-05 0.001367978775164147
0.364875 3.283894 0.00023350301919400351 0.001503049506297316
0.364863 2.797356 6.0691104794230455e-05 0.0013539948202776486
0.364865 2.310845 0.00010522948322311265 0.001121081825012027
0.364865 1.824346 0.00017743835952721554 0.001170158171987623
0.364866 1.337848 0.00020660525861870838 0.0006847966980174647
0.364862 0.851352 0.0002283133854437125 0.0005913342231487206
0.36485 0.364858 4.998335015926614e-05 0.00017541952903954439
0.364841 -0.12161 -0.00013443316488981338 0.00012659090996569589
0.36483 -0.608091 -0.0004345623184356384 -0.0002779609550387363
0.364827 -1.094563 -0.0005683940663825382 -0.000270520831854526
0.364823 -1.581023 -0.0006263769333898495 -0.00034840673328773164
0.364818 -2.067478 -0.0007757385909208381 -0.00012160647650460987
0.364813 -2.553937 -0.0008741500865010465 -0.0002052748464365095
0.364811 -3.040415 -0.000982717052636417 -0.00023936363599830202
0.364811 -3.526924 -0.0010828873325774424 -0.0006074648036218377
0.364811 -4.013464 -0.0012548269552965508 -0.0005491799582131307
0.364815 -4.500038 -0.001329274814430903 -0.001402774120137451
0.364819 -4.986631 -0.0014349316474451257 -0.0018705431052978838
0.364822 -5.473226 -0.0014750531552412127 -0.0033279928498473055
0.364826 -5.959817 -0.0015364119673062504 -0.004125382352981433
0.36483 -6.446414 -0.0015621128951615049 -0.005346009427086074
0.364835 -6.933044 -0.0015869672593886719 -0.006729298659024607
0.364843 -7.419732 -0.0016137774712081665 -0.00881217630328024
0.364852 -7.906472 -0.0016747953846873997 -0.010820466373701265
0.36486 -8.393211 -0.0017522631865123373 -0.012778704213474157
0.364864 -8.879893 -0.0019254974940761116 -0.014145768039753648
-0.121645 8.63718 -0.0005110013958056214 -0.012074813839547005
-0.121644 8.150462 -0.0004252599379221955 -0.006289228233413269
-0.121637 7.663695 -0.00018823315495719584 -0.005285397588977503
-0.121635 7.176956 -0.00012541159244205957 -0.003349618530137377
-0.121632 6.690267 -9.919345163478255e-05 -0.0018356045435723445
-0.121633 6.203621 -0.00014934580618009008 -0.0005548281244216469
-0.121632 5.716983 -0.0001389086606717882 5.5324100117104535e-05
-0.121623 5.230345 7.21288893386074e-05 0.0006456609998224394
-0.121622 4.743709 5.1241168238291834e-05 0.0011246040629799836
-0.121613 4.257074 0.00020182116810074646 0.0010446285656655618
-0.121607 3.770465 0.00027559342842531365 0.0013419101022691393
-0.121612 3.28389 0.0001153653928480658 0.0013796619429911061
-0.121607 2.797356 0.00021783398224339834 0.0013286746966088003
-0.121604 2.31085 0.00033646142295085113 0.001214324519054344
-0.121602 1.824346 0.00038562619537962917 0.0011371202035377337
-0.121598 1.337843 0.0004886491180968733 0.0005309819149630357
-0.121608 0.851344 0.00022670300901594942 0.0004192256553103846
-0.121609 0.364852 0.00016288724625423967 4.49281831897963e-05
-0.121616 -0.121621 -3.549003429181852e-05 -0.0001550037121806902
-0.121622 -0.608093 -0.00012861289454546565 -0.0002988713792024811
-0.121631 -1.094567 -0.0003020309843808633 -0.00037528222637561726
-0.121633 -1.581027 -0.0003621829341402538 -0.0003510080472324262
-0.121635 -2.067482 -0.0004239067890865478 -0.00018739682734292273
-0.121639 -2.553943 -0.0005625214810707213 -0.0002795323039208597
-0.121644 -3.04042 -0.0006927232432296648 -0.0002956860275986628
-0.121651 -3.526928 -0.0008376042278515072 -0.0006832951155786304
-0.121656 -4.013468 -0.0009542579123058559 -0.0006285980035869443
-0.121662 -4.50004 -0.0011263491066686449 -0.001424165013588663
-0.121666 -4.986633 -0.0012265731388985124 -0.001905792672090456
-0.12167 -5.473228 -0.0013764679279484326 -0.003332646554810026
-0.121673 -5.959819 -0.0014761557215030585 -0.004094075955919152
-0.121674 -6.446415 -0.0015623509078039888 -0.005326652827022826
-0.121673 -6.933044 -0.0016374370320302312 -0.006674935261372639
-0.121673 -7.419731 -0.0017311020434753743 -0.008777706738527513
-0.121674 -7.906472 -0.0018579668415488193 -0.01076832456655552
-0.121675 -8.393213 -0.0020072376636517397 -0.012851686390831674
-0.121677 -8.879895 -0.0021912549938662984 -0.014189740966230602
-0.608205 8.637185 0.0001934166640680246 -0.01206558184881601
-0.608198 8.150475 2.660015044142483e-05 -0.006195881997456354
-0.608184 7.66371 0.0002156662518189023 -0.005246795335636989
-0.608172 7.176968 0.00020577059102677708 -0.003365830414963966
-0.608165 6.690278 0.0001424806433938386 -0.0018731891331071893
-0.608164 6.203625 -2.1954506486565606e-05 -0.000693483884191437
-0.608158 5.716999 -3.0642582025564025e-05 0.0001821749070813894
-0.60814 5.230359 0.00019985794757815256 0.0007461515233444516
-0.608127 4.743721 0.00026513743131317824 0.0010554334459698111
-0.608113 4.257088 0.00030288461949368184 0.001100194023265999
-0.608105 3.770473 0.00018689944509375778 0.0011946307375723109
-0.608091 3.283903 0.000281644669023251 0.001523128675628982
-0.60808 2.797362 0.0004285100356931082 0.0012744791762884233
-0.608077 2.310855 0.0004612258964975524 0.0012921252307833697
-0.608068 1.824349 0.0006438394137795456 0.0010568708505402924
-0.608076 1.337842 0.0004839323316865318 0.0004867228496578946
-0.608076 0.851342 0.0003735179924184706 0.00024696378957855813
-0.608073 0.364855 0.000299573994112734 4.408794400134752e-05
-0.608076 -0.121628 0.00017741738036569643 -0.0002974266158530803
-0.608084 -0.608102 3.605103280612809e-05 -0.00045350170181279736
-0.60809 -1.09457 1.3575925628117602e-06 -0.00034967978406541533
-0.608092 -1.581029 -0.0001957985728537892 -0.0005029438799297736
-0.608093 -2.067486 -0.00021280899234099593 -0.0002644297226268577
-0.608097 -2.553947 -0.000354388441738962 -0.00041602125743622764
-0.608104 -3.04043 -0.000482710259483099 -0.00048694130644832967
-0.608115 -3.526938 -0.0006520501603546336 -0.0007688925128235269
-0.608128 -4.01348 -0.0007432675667509159 -0.0007446962511039601
-0.608142 -4.500052 -0.0009442356795084095 -0.0015767787226934615
-0.608155 -4.986642 -0.0010809364511139563 -0.001977348525343814
-0.608164 -5.473236 -0.0012814596335104511 -0.003360051391638308
-0.608172 -5.959827 -0.001428392391389366 -0.004183636487283593
-0.608178 -6.44642 -0.001575455947630644 -0.005328166582415861
-0.608183 -6.933051 -0.0016811734870607609 -0.0066805231278692645
-0.608192 -7.419738 -0.0018761201233488123 -0.0087798680639537
-0.608202 -7.906482 -0.00205780123683752 -0.010877666680187303
-0.608211 -8.393221 -0.0022382556085176475 -0.012660039970882053
-0.608216 -8.8799 -0.0024561912843878986 -0.01411002552742957
-1.094761 8.637196 0.000983327906634912 -0.01203590302608859
-1.094752 8.150491 0.0005376641442857988 -0.00636694744775923
-1.094739 7.663734 0.0004802401652952426 -0.005338197487731122
-1.094712 7.176985 0.0005621692718591476 -0.003474520370616574
-1.094701 6.69029 0.0004198918855600198 -0.0020511644444525245
-1.094688 6.203637 0.00039900628800637605 -0.0008872954014407242
-1.094681 5.717008 0.0002576555222546517 -7.853613138308901e-05
-1.09467 5.23038 9.905702735224509e-05 0.0008841128425274292
-1.094638 4.743742 0.000499556784355093 0.0008695892276477935
-1.094621 4.257113 0.0003839261993974219 0.001223572051571864
-1.094596 3.770492 0.000522370825351004 0.0009702273260359107
-1.094574 3.283916 0.0005017181427291462 0.0013374476186669426
-1.094558 2.797376 0.0006323543009756349 0.0012769945886077494
-1.094546 2.31086 0.0007002205868609224 0.0013229862139567672
-1.094552 1.824353 0.0005204339249900158 0.0009955706286461918
-1.094551 1.337838 0.0003931965929666603 0.0005152748528303164
-1.094549 0.851342 0.0006011436690371852 2.9870191763592402e-05
-1.094549 0.364854 0.0004809670800014487 -0.00015096407014070223
-1.094551 -0.121635 0.00030202628971665035 -0.000491246525967437
-1.094552 -0.608109 0.00031414830459297605 -0.0005355520858145724
-1.094554 -1.094572 0.00011112614385666575 -0.0005166802409597437
-1.094554 -1.581031 9.416859292343815e-06 -0.0005004752131938517
-1.094554 -2.067488 6.022160832230838e-06 -0.0003360614686371832
-1.094559 -2.553956 -0.00018265460929356436 -0.0005603372338072177
-1.094569 -3.040441 -0.0003300217337418587 -0.0007214718643950846
-1.094584 -3.526955 -0.000473362784752851 -0.0009326020199722507
-1.094606 -4.0135 -0.0005470436167591686 -0.0009394841045633484
-1.094629 -4.500072 -0.0008288720168252439 -0.0017609447771604891
-1.094649 -4.98666 -0.0009645241323887888 -0.0022218887433211876
-1.094665 -5.473249 -0.0012374986519105846 -0.003437489782669445
-1.094675 -5.959837 -0.0014090914892577189 -0.004341204576576274
-1.094684 -6.446431 -0.0015884533206396156 -0.0054219047414676425
-1.094696 -6.933064 -0.0017481274753521348 -0.006748732772024368
-1.094714 -7.419757 -0.002041761199443215 -0.008850701950251505
-1.094735 -7.9065 -0.0023237817467602895 -0.011170075708207605
-1.094751 -8.393232 -0.0024698566756988782 -0.012198820020074663
-1.094756 -8.879906 -0.0026729263823810356 -0.01364756689179103
-1.581325 8.637206 0.0015816880330135064 -0.012115846003865727
-1.581314 8.150511 0.0010441817324107205 -0.007181952579031758
-1.581291 7.663763 0.0010311521481796149 -0.005652217047526165
-1.581264 7.177017 0.0008132592369705094 -0.0035322844739198445
-1.581241 6.690306 0.0007414985843112731 -0.0025163790553790477
-1.581223 6.203652 0.0006476666459960256 -0.0012160173477013814
-1.581205 5.717025 0.0006467793241853315 -0.0002689347687976351
-1.581189 5.230403 0.00043761922103158213 0.0007716143129812281
-1.58117 4.743773 0.00044831707632653206 0.0007262213226653103
-1.581136 4.257137 0.00046870100946705406 0.0011082161893654074
-1.581096 3.77052 0.0007969170488948407 0.0008110183068339438
-1.581065 3.283939 0.0007050717818870567 0.0012880350280966013
-1.581041 2.797392 0.00072645411400174 0.0014243741796065024
-1.581033 2.310865 0.0006244738022047613 0.0012232655011672477
-1.581029 1.824349 0.0006107673556101645 0.0007704063736824196
-1.58102 1.33784 0.0007556119835641084 0.00031672087883549693
-1.581019 0.851341 0.0005361204103024875 3.43906536208749e-05
-1.581021 0.364854 0.0004540174762013294 -0.00022026085309434507
-1.581023 -0.121636 0.00035945154533578716 -0.0006391410724648772
-1.581022 -0.608109 0.00019236299242919586 -0.0007483449250003105
-1.581018 -1.094571 0.00025991474950615157 -0.0006132205368380994
-1.581017 -1.58103 0.000271204801045144 -0.0004742774849120224
-1.581019 -2.067493 9.196763689800491e-05 -0.0005538089526098133
-1.581028 -2.553966 2.853570750005474e-05 -0.0005298744469826033
-1.581045 -3.040458 -0.00022407186920503364 -0.0008120667484092792
-1.581067 -3.526979 -0.0003003411842215087 -0.0008809836632650558
-1.581094 -4.013528 -0.00045403804894306177 -0.0012292242248008733
-1.581124 -4.500099 -0.000739354110933732 -0.0018951763309758007
-1.581149 -4.986682 -0.0009475145365840376 -0.0026256175112848723
-1.581168 -5.473265 -0.0011676136369516144 -0.003469277906276602
-1.581182 -5.959849 -0.001406179729087853 -0.004564810933914032
-1.581195 -6.446447 -0.0016003359393153005 -0.0056529293071037046
-1.581213 -6.933086 -0.0018538689073110959 -0.007062090508952679
-1.581241 -7.419787 -0.002201878510696531 -0.009018855537590298
-1.581272 -7.906527 -0.002712296134198766 -0.011871891427091441
-1.581293 -8.393246 -0.0026565309374078083 -0.01193844197365479
-1.581301 -8.879917 -0.0026725703777543686 -0.012292014186414235
-2.067897 8.637223 0.002168000718583585 -0.01257404083796132
-2.067878 8.150538 0.0019698652371715752 -0.008816867920359073
-2.067855 7.663797 0.0014572125938130398 -0.0059483055208033875
-2.067817 7.177048 0.0012766693443708732 -0.004008639078477927
-2.067789 6.69034 0.001054160429667661 -0.0027094568225152216
-2.067763 6.203678 0.0009171197891291172 -0.0013753890508212407
-2.067737 5.717045 0.0009395209616656075 -0.00039407996430895764
-2.067721 5.230422 0.0007164122990914734 0.0003426818007596921
-2.067696 4.743803 0.0006337262289619616 0.0007819704225369151
-2.067662 4.25718 0.0005331831351185201 0.0012318334701575395
-2.067614 3.770567 0.0008537647625175282 0.0011577577451760135
-2.06757 3.283975 0.001027861750451109 0.0011218218504751576
-2.067548 2.797411 0.0006908680949493373 0.0011779407991951985
-2.067522 2.310879 0.0007676400400740135 0.001048328131403764
-2.06751 1.824352 0.0006289924649749423 0.0006937052360029838
-2.0675 1.337847 0.0007856779022503702 0.00031933711464660064
-2.067495 0.851345 0.0008189132140330457 -0.00010832210729461167
-2.067495 0.364848 0.0006929911566260216 -0.0005782596845484989
-2.067491 -0.12163 0.0006509206431459802 -0.0006222505037003501
-2.067489 -0.608106 0.0005660457118139561 -0.000758398605430699
-2.067488 -1.09457 0.00047431739644565596 -0.0006558882486267237
-2.067489 -1.581032 0.00029719162440500213 -0.0006640495546292868
-2.067496 -2.0675 0.00022301485890352524 -0.0005984864663233225
-2.067509 -2.553983 -2.988863401043318e-05 -0.0008721969713860744
-2.067531 -3.040483 -0.00012014708560315057 -0.0009865815043781367
-2.067562 -3.52701 -8.87107744844684e-05 -0.0008703785146764176
-2.067597 -4.013561 -0.00044475380062891645 -0.0014879543865049527
-2.06763 -4.500131 -0.0005599791479724558 -0.001799841273424363
-2.067658 -4.986707 -0.0009976926870791658 -0.002949197852075258
-2.067679 -5.473284 -0.001146166521998282 -0.003566796531771388
-2.067695 -5.959865 -0.001455875018237407 -0.004732429115733794
-2.067712 -6.446467 -0.0016821433221210214 -0.005875728012938453
-2.06774 -6.933118 -0.0020309117326746673 -0.007544248083405591
-2.067776 -7.419825 -0.0023852393807288763 -0.00929175341627797
-2.067815 -7.90656 -0.0031846690089381013 -0.012767924398019659
-2.067838 -8.393263 -0.0029297958694698423 -0.012385165638931994
-2.067849 -8.879933 -0.002018682333996935 -0.008871965497036172
-2.55447 8.637239 0.003393384704921232 -0.014868959054126663
-2.554459 8.150562 0.0026360279919543927 -0.010306650820041341
-2.554426 7.663841 0.0017203216234804586 -0.005624862031709199
-2.55438 7.177097 0.001758044903695577 -0.004365467501514786
-2.554336 6.690373 0.0015312544934715788 -0.002911782415054631
-2.554302 6.203705 0.001370544027224696 -0.0015709381607109663
-2.554286 5.717067 0.000994463357415043 -0.0005938872475326207
-2.554257 5.230448 0.0010952767545546749 -5.584114177281663e-05
-2.554229 4.743839 0.0008644724701980522 0.0008823915467957022
-2.554194 4.257222 0.000976654903212193 0.0007578217236670071
-2.554148 3.770613 0.0008737637327840275 0.0012167221524777005
-2.554108 3.284014 0.0009112283208168037 0.0008955550272560231
-2.55406 2.797441 0.0009059267665918469 0.000950412348259988
-2.554031 2.310906 0.0007782516306917842 0.001103432663164483
-2.554005 1.824374 0.0008470315036959164 0.0006895873932819541
-2.553988 1.337853 0.0008947162572638945 0.00018953445635361277
-2.55398 0.851351 0.0006964111350100666 -0.00012627568268896994
-2.553972 0.364848 0.0007546404934402062 -0.0007559380332740062
-2.553968 -0.121629 0.0007287477385347074 -0.0008110731423709439
-2.553967 -0.608104 0.0005533109310817963 -0.0008954984847271419
-2.553967 -1.094571 0.00047180680927283447 -0.0008288471679307463
-2.553973 -1.581039 0.0004899100495805442 -0.000719603301625682
-2.553986 -2.067514 0.00017881947424314149 -0.0008775097559095002
-2.554007 -2.554004 9.229521991471756e-05 -0.0009464613801242194
-2.554037 -3.040515 0.00017209284814612147 -0.0008580220751639445
-2.554075 -3.527048 -0.00013962394066879824 -0.0012528161325064957
-2.554112 -4.0136 -0.00042467642728638566 -0.0017763488760209611
-2.554148 -4.500164 -0.0006389026013238208 -0.002236484810552497
-2.554175 -4.986733 -0.0009745122716964261 -0.0030990338312335552
-2.554196 -5.473303 -0.001208681861200489 -0.0038370338508002533
-2.554215 -5.959886 -0.0014490510746298924 -0.004803686473024982
-2.554239 -6.446497 -0.0017177212486387816 -0.005992177309224189
-2.554277 -6.933158 -0.002249478121328252 -0.007869825812406361
-2.554324 -7.419872 -0.0026496351875948676 -0.009639766624161439
-2.554367 -7.906598 -0.0034500358881217608 -0.012665826972352079
-2.55439 -8.393281 -0.003427669485716933 -0.013207446204091866
-3.041036 8.150587 0.0031317772920829157 -0.010391807979061696
-3.041013 7.663892 0.0017907858356522866 -0.005432794354788939
-3.040955 7.177153 0.0022372133717993847 -0.004815858275406981
-3.040897 6.690425 0.00202726335427883 -0.003054545708778278
-3.04086 6.203736 0.0017813910910291497 -0.0021588882439402823
-3.040829 5.717096 0.0015393935782981316 -0.0010453691260465803
-3.040803 5.230479 0.0013358974383663735 -0.00018178281055725165
-3.040775 4.743874 0.0011723182983160996 0.0005547884345418197
-3.040736 4.257267 0.00117132814241927 0.0009517380427439548
-3.0407 3.770655 0.001011404736715349 0.0008410409551373732
-3.040655 3.284065 0.0008590041587410724 0.001023075213211655
-3.040601 2.797491 0.0011798973993535355 0.0007998532110633505
-3.040558 2.310938 0.0010224688482622923 0.0008970761415056927
-3.040524 1.8244 0.0009606118513687534 0.0006211567197667023
-3.040502 1.337875 0.0007945375146221068 0.0002588054698264841
-3.040485 0.851361 0.0008047957797288063 -0.000284973862651583
-3.04047 0.364863 0.0009707435606429726 -0.0006736447588000516
-3.040465 -0.121627 0.0008990258957908281 -0.0009615232756594594
-3.040464 -0.608105 0.0007704687216687489 -0.001035197854335479
-3.040468 -1.094576 0.0005391944425952033 -0.0009964762239960123
-3.040479 -1.581051 0.0004485913123346563 -0.0009585064596535631
-3.040498 -2.067536 0.0003011556125329662 -0.0010172690287788555
-3.040527 -2.554034 0.0004511744307222898 -0.0008818888547921233
-3.040563 -3.040553 0.00016052042424519186 -0.0011668540064277977
-3.040602 -3.527089 -0.00016806612778452745 -0.0016098571843627951
-3.040641 -4.013639 -0.00019284857958723478 -0.0017508235151808549
-3.040674 -4.500197 -0.0007559310999170066 -0.002740325055853532
-3.040701 -4.986758 -0.0009273540750882603 -0.0032218560274657193
-3.040721 -5.473326 -0.0012978474360352266 -0.004236835517900772
-3.040744 -5.959913 -0.0015827300037472014 -0.005209310987254412
-3.040779 -6.446536 -0.0019408811087657796 -0.006482185336381008
-3.040828 -6.933212 -0.0024684059405757353 -0.00823441900294597
-3.040884 -7.419926 -0.003178501637975728 -0.01055554386169888
-3.040927 -7.906635 -0.00319424952566294 -0.011288222064877118
-3.040946 -8.393299 -0.0035771665906594308 -0.013000235826240214
-3.527618 8.150605 0.0037402236345656092 -0.010957826437305584
-3.527598 7.663936 0.0031768039966095785 -0.007844824686316088
-3.527546 7.17722 0.002538799316738505 -0.004797670695097622
-3.527491 6.690486 0.0022112066520350027 -0.0035033855797905744
-3.527429 6.203779 0.0021716276152830005 -0.0025596848121267612
-3.527384 5.717128 0.001973078922617333 -0.0013599658156238092
-3.527359 5.230511 0.001566045014456563 -0.00035141699510177205
-3.527322 4.743905 0.001706651477306309 0.00013512929943715335
-3.527301 4.257307 0.0011165457605954998 0.0007943319802876658
-3.527261 3.770698 0.0011956154512660078 0.0005301207450258971
-3.527212 3.284113 0.0011592596060836513 0.0007852013469715757
-3.527168 2.797545 0.000982744280975112 0.0010139226411780555
-3.527115 2.310978 0.001258570081077437 0.0006032952209693576
-3.527073 1.824441 0.0013449699003871274 0.0005512175708091149
-3.527041 1.337895 0.0010125610842379729 -5.111052323769627e-05
-3.527018 0.85138 0.0009014261925557321 -0.00037722477906854124
-3.526999 0.364876 0.0009809671624907423 -0.0007213758780650892
-3.526989 -0.121622 0.0009566855200802138 -0.0010671851549992617
-3.526989 -0.608108 0.0008442201638274582 -0.0012220350635097077
-3.526997 -1.094586 0.0006834750093815956 -0.0011770875082710575
-3.527013 -1.58107 0.0007576640067270546 -0.0010740845417345213
-3.527038 -2.067563 0.0007837900173512935 -0.000993864536532385
-3.527071 -2.55407 0.0004111228444543258 -0.0011904215581921562
-3.527108 -3.040592 6.846493698731138e-05 -0.0015241713767579768
-3.527146 -3.52713 0.00012822610790408362 -0.0015984467435998795
-3.527183 -4.013674 -0.0005240181734933458 -0.0023979727673548723
-3.527211 -4.500227 -0.000674991937344771 -0.002865336024399312
-3.527234 -4.986782 -0.0010124812908429703 -0.003613321319306806
-3.527257 -5.47335 -0.0012723227719675378 -0.004372479762253079
-3.527287 -5.959948 -0.0015947565239144978 -0.005417959574828046
-3.527335 -6.446587 -0.0022773931464712405 -0.007134098968464286
-3.527397 -6.933274 -0.002793368949838282 -0.008701488835242799
-3.527457 -7.419983 -0.004040336643001297 -0.012015671305647402
-3.527495 -7.906665 -0.003505775038135539 -0.011627578710033504
-3.527513 -8.39332 -0.002039866593193551 -0.008817404804034368
-4.014207 8.150632 0.006436422432244626 -0.015675829549053333
-4.014188 7.663971 0.004097291216623944 -0.008944035216131851
-4.014153 7.177278 0.0022692206663634806 -0.004411551996497565
-4.014086 6.690553 0.0027740578176604913 -0.00409293084689466
-4.014019 6.203843 0.002400838770682867 -0.0027273385241812775
-4.013961 5.717174 0.0023965158873693326 -0.0019158673030688078
-4.013915 5.230546 0.0022165108146623425 -0.0007971930314454312
-4.013893 4.743936 0.0016062388118172066 -9.343664798677764e-05
-4.013858 4.257334 0.001677378334960622 0.00010759931124937339
-4.013824 3.770743 0.0013533325544301533 0.000554415714731249
-4.013781 3.284159 0.001447040480030637 0.0005419901639669433
-4.013739 2.797592 0.0014073014812225892 0.000684671279742588
-4.013697 2.311034 0.0010469521372442614 0.0008581409389307737
-4.01365 1.824473 0.001258012108166895 0.0003155328027446558
-4.013608 1.337926 0.0014637629786733442 -0.0002510090868170778
-4.013578 0.851401 0.00157680363669499 -0.0006435798238335622
-4.013559 0.36489 0.0015216369134662955 -0.0008622198341576848
-4.013549 -0.121613 0.0014699411101020132 -0.0011279634093797064
-4.013546 -0.608108 0.0014339578529956043 -0.0012201032358589714
-4.013555 -1.094601 0.001235236021116748 -0.0012899895638369685
-4.013575 -1.581092 0.0009276480079307703 -0.0012723650562946887
-4.013601 -2.067594 0.0006426747149248513 -0.0013650784074883404
-4.013634 -2.554107 0.0003806439426767838 -0.0015479094088561851
-4.013669 -3.040631 0.0003947662900714022 -0.0015836505261574985
-4.013701 -3.527166 -0.00025457868150624563 -0.0022417837966912657
-4.013729 -4.013706 -0.0004101981783719566 -0.0026046496723068913
-4.013752 -4.500252 -0.0006731039371601355 -0.0031857408239091
-4.013775 -4.986806 -0.001009897363431378 -0.0038796220755727973
-4.013804 -5.473382 -0.0014287690309231493 -0.004835038394929825
-4.013848 -5.959995 -0.001929745716026332 -0.006091395020064283
-4.01391 -6.446653 -0.0025102232682456815 -0.007607932465020895
-4.01398 -6.933343 -0.003383177022257655 -0.00969252756507899
-4.014035 -7.420034 -0.0035157584755012294 -0.010708401493957354
-4.014062 -7.906687 -0.004041026538672554 -0.012462816420082845
-4.500781 7.663988 0.004580057439383722 -0.00961272431320026
-4.50076 7.17733 0.004013800351984287 -0.007151106697307341
-4.500708 6.690633 0.0025596915647980722 -0.0037930674376411844
-4.500629 6.203923 0.002846908450663932 -0.003093866794387168
-4.500552 5.717236 0.002693493505717015 -0.0019887878946462934
-4.500504 5.230582 0.0024151668893779288 -0.0014917480899896418
-4.500465 4.743971 0.0020840348961854716 -0.0006155506997060911
-4.500435 4.257371 0.0016573802537607207 5.122129365986439e-06
-4.500399 3.770786 0.0017368489239686369 0.00025135676783349936
-4.500357 3.2842 0.0016229472625610697 0.00037120874057450237
-4.500324 2.797632 0.001349369061614425 0.0005404813852578627
-4.500281 2.311076 0.0017033472581005071 0.0004529653886606866
-4.50025 1.824516 0.001276915374063492 0.00019886237993915756
-4.500206 1.337962 0.0012480086188588757 -0.00027493705749037645
-4.500172 0.851429 0.001384386399550408 -0.000649738955175394
-4.500151 0.364908 0.0013829467005734841 -0.0009810992672214525
-4.500136 -0.121606 0.0014043623649371284 -0.0012834858595689447
-4.500131 -0.608115 0.0013475751096621025 -0.001554957709917204
-4.500139 -1.094616 0.001134840131314263 -0.0016272131104528853
-4.500157 -1.581116 0.0009644821032850359 -0.0016124718481194122
-4.500181 -2.067622 0.0010281240162868244 -0.001529732809864015
-4.500208 -2.554138 0.0005533940766468959 -0.001769724184711663
-4.500235 -3.040663 5.365680480906576e-05 -0.0022095772042547424
-4.50026 -3.527193 -8.119310969334492e-05 -0.0024290056866078658
-4.500282 -4.01373 -0.00038167115103249216 -0.002907900092694149
-4.500303 -4.500276 -0.0007237988056658651 -0.00356073180934402
-4.500331 -4.986838 -0.0011348968832436412 -0.004365210239257067
-4.500373 -5.473429 -0.0015108889224109134 -0.005279688407711092
-4.500434 -5.960059 -0.0022625959677071705 -0.006730740823769565
-4.500507 -6.446728 -0.002884844475886439 -0.00823284575497496
-4.500576 -6.933409 -0.0043209020125800635 -0.011100629440704779
-4.500618 -7.420069 -0.003734127411135546 -0.010926480639426472
-4.500639 -7.90671 -0.0018556451480549185 -0.008417845177149275
-4.987364 7.177364 0.004547642712907418 -0.007743911459584751
-4.987325 6.690696 0.0032920972836052442 -0.0046450244462050705
-4.987259 6.204006 0.0031277204113280277 -0.003376287352523377
-4.987186 5.717307 0.002809057442135554 -0.0025994597457952295
-4.987108 5.230643 0.0026799488656763515 -0.0017101902156184678
-4.987055 4.744014 0.0025041958515146234 -0.0010894216493397835
-4.987011 4.257408 0.0022555916693534073 -0.00047586720890535616
-4.98698 3.770819 0.001830049060743022 9.26275593826631e-06
-4.986946 3.284239 0.0018869684303695067 6.366219722053756e-05
-4.986908 2.797667 0.001842417866271262 0.0001292962948582499
-4.986877 2.311112 0.001488158202903378 0.0003509026441932406
-4.986844 1.82455 0.0013679472552894367 4.3222638105078204e-05
-4.986816 1.337998 0.001458947999509519 -0.00039807061013164
-4.986787 0.851464 0.0016517375780438215 -0.0006171157360448376
-4.986758 0.364923 0.0018516618597175238 -0.001198187348050439
-4.986742 -0.121592 0.0018615146838953933 -0.00130325403366216
-4.986735 -0.608114 0.0017896081123467411 -0.0016693832732777025
-4.986737 -1.094629 0.0015946983058086062 -0.0018742494631389661
-4.98675 -1.581135 0.0011009435010294055 -0.001937253305761999
-4.986767 -2.067645 0.0006977600308744059 -0.002049958595989665
-4.986785 -2.554161 0.0005276851372286728 -0.0021991603400124404
-4.986804 -3.040685 0.0003559716482754993 -0.002401156051789144
-4.986822 -3.527216 -3.4018288403103725e-05 -0.002850321130580369
-4.986844 -4.013753 -0.00036516512750495167 -0.0032970728302643693
-4.986871 -4.500305 -0.0008065691739318481 -0.004013604191101194
-4.986912 -4.986881 -0.0011591953175980052 -0.004745578463086986
-4.98697 -5.47349 -0.0019701554586504244 -0.006085701700840218
-4.987046 -5.960137 -0.002610722799801124 -0.007400455118698801
-4.987121 -6.446803 -0.004158831914736538 -0.010031176274736708
-4.987176 -6.933461 -0.0032731467757969313 -0.009570043466112566
-4.987201 -7.420094 -0.0038604632746626066 -0.011176728950033521
-5.47397 7.177393 0.006831996616540437 -0.01059782936934539
-5.473942 6.690743 0.0050218506669068574 -0.006720205486715258
-5.473906 6.204072 0.002657044286962673 -0.003336520635514262
-5.473837 5.717396 0.0030068613619675943 -0.0029347385723212938
-5.473753 5.230722 0.002839447541617801 -0.002057968853080183
-5.473676 4.744075 0.0026385149170380373 -0.0013044908298383007
-5.473614 4.257452 0.0027678538325801583 -0.0010100435104760663
-5.473571 3.770855 0.002307059729730554 -0.0004534581713642183
-5.47354 3.284276 0.002005873312981521 -0.0001372535157031507
-5.473507 2.797708 0.0018164156285536137 7.379284070907488e-05
-5.473475 2.311142 0.0018613633945108177 -8.546062450420777e-05
-5.473444 1.824583 0.001815682350439829 -0.00023364076694321056
-5.47342 1.338031 0.0015076873227712895 -0.0004561929281976518
-5.473397 0.851489 0.0013329572977625048 -0.0007090491236922958
-5.47337 0.364947 0.0014323244523382073 -0.0011972151926045171
-5.473354 -0.121576 0.0013910817749831494 -0.0013616386033312722
-5.473341 -0.608109 0.0014602579787776904 -0.001897234487977073
-5.473338 -1.094626 0.001384078641422093 -0.002015097809238142
-5.473341 -1.581147 0.0013290206184137787 -0.0022776825230224063
-5.473352 -2.06766 0.0011069592782178006 -0.0023217883115691507
-5.473363 -2.554178 0.0007572367885586573 -0.0025303139056660484
-5.473378 -3.040703 0.00030642285267390434 -0.002899704103626277
-5.473397 -3.527237 0.00011091265940876838 -0.003197634320528664
-5.473425 -4.013783 -0.0004078490435119875 -0.003826766668765913
-5.473467 -4.500348 -0.0008375773693103383 -0.004473563796665303
-5.473525 -4.986941 -0.001649610434327542 -0.005611444519928455
-5.473601 -5.473566 -0.002320844532391675 -0.006744435277141747
-5.47368 -5.960218 -0.003747188809398949 -0.008913289171204042
-5.47374 -6.446864 -0.003281025521744141 -0.009088312387291353
-5.473771 -6.933492 -0.004064855014519253 -0.010819589149463127
-5.960577 6.690771 0.00564113784798792 -0.008031844686172462
-5.960545 6.204123 0.004887927118744528 -0.006035924245026081
-5.960492 5.717471 0.002568296738928666 -0.002673755934665678
-5.96042 5.23081 0.0030769469340725664 -0.002441855830966233
-5.960338 4.744151 0.00288690279123216 -0.0018236357413883297
-5.960263 4.257525 0.00256230046900896 -0.0009474701287786047
-5.960197 3.7709 0.0027722202047471 -0.0010916132090272868
-5.960148 3.284311 0.002411709558543862 -0.000626889315100243
-5.960114 2.79774 0.0021402952312996604 -0.00034977708254757545
-5.960079 2.311172 0.0020014456355283983 -0.000355336979460219
-5.960058 1.824618 0.001565682706939242 -0.00026076486587811587
-5.960023 1.338058 0.0017922160171508494 -0.0007014454886373755
-5.960001 0.85151 0.0017525488744922768 -0.000995919264038747
-5.959983 0.364975 0.0016624233114157505 -0.0011464058017303103
-5.959957 -0.121564 0.0018623107069970501 -0.0015653910988051578
-5.959949 -0.608094 0.0016839996586952566 -0.0018866879191996588
-5.959936 -1.094625 0.0016743573891062624 -0.0023088424791382067
-5.959931 -1.581153 0.0014868759330113335 -0.002680125494670449
-5.959938 -2.067672 0.0011689719285925548 -0.002823346641207536
-5.959951 -2.554194 0.0009564391574201636 -0.0029605625463489105
-5.959971 -3.040724 0.00044936900286529635 -0.003334874958127898
-5.96 -3.527267 0.00015738741410586954 -0.0036940335451021156
-5.960043 -4.013826 -0.0005953197849066783 -0.004463000788575755
-5.960103 -4.500409 -0.0012988474425128516 -0.005320191764653259
-5.960177 -4.987019 -0.001963776227313474 -0.0063423075697528475
-5.960255 -5.473648 -0.0034837380714236588 -0.008246982579606765
-5.960318 -5.960282 -0.003175321127969255 -0.008611586756757106
-5.960351 -6.446899 -0.0037713645548080876 -0.00993208889201469
-6.447173 6.204157 0.005618721024148954 -0.006965481497474002
-6.447148 5.717526 0.004762968107911547 -0.005119376652459096
-6.447101 5.230888 0.002529689015744907 -0.002392117378661851
-6.447026 4.744242 0.0027494750609378116 -0.001894881312381358
-6.446941 4.257596 0.0029551473604954026 -0.0016423434986307939
-6.446866 3.77097 0.0026879435302191723 -0.0012390445219523372
-6.446803 3.284366 0.002396622706129392 -0.000898409311901105
-6.446751 2.797781 0.0024723013463017196 -0.0008244194110176295
-6.446707 2.311213 0.002198990424830072 -0.0005620876155134624
-6.446668 1.824641 0.0020626848787230756 -0.0007760111040227002
-6.44664 1.338085 0.001985105456498104 -0.000963026838718406
-6.446616 0.851532 0.0018972177678620028 -0.0012848429258696115
-6.446596 0.364996 0.001738869609653193 -0.0013231964118549655
-6.446576 -0.121542 0.0017258074072117324 -0.0015960907070415864
-6.446553 -0.608081 0.0019201128778831844 -0.002038797809785109
-6.446541 -1.094621 0.0018979910793177623 -0.0025918291646256364
-6.446539 -1.581155 0.0016879423060629506 -0.003001920187422513
-6.446545 -2.067685 0.0014089457537238559 -0.0033092464457880055
-6.446568 -2.554215 0.0011109911175708476 -0.003472423698653415
-6.4466 -3.040756 0.0004557661877697683 -0.0039046102183988296
-6.446645 -3.527313 -0.00033879350652910034 -0.0045575174880809755
-6.446705 -4.013888 -0.0008987699088720547 -0.005211753172304157
-6.446776 -4.500483 -0.001622835735645367 -0.006103256301628335
-6.446849 -4.987095 -0.003496578318674892 -0.008022052961280224
-6.446906 -5.47371 -0.002571976839163881 -0.007864454192741732
-6.446939 -5.960318 -0.0034270478579969677 -0.009291988009977104
-6.446964 -6.446926 0.0003667853466140514 -0.0061690455858638416
-6.933785 5.71756 0.006150848179231616 -0.00657410322290275
-6.933759 5.230936 0.0045003405004706565 -0.004381217123494707
-6.933715 4.744314 0.00342466113630735 -0.002752586870713003
-6.933658 4.257677 0.0017100366715965265 -0.0014008199284631928
-6.933583 3.77105 0.0025725188360752327 -0.001593686139131023
-6.933507 3.28443 0.0024589358758930757 -0.0014524761864720404
-6.933442 2.797835 0.0021633283886899335 -0.0011329027274626924
-6.933384 2.311259 0.001977828619203592 -0.0008708249011277758
-6.933341 1.824686 0.0018708479571216685 -0.0009293696059557988
-6.9333 1.338118 0.001998909578162511 -0.001253392103706119
-6.933262 0.851558 0.0021119664025945895 -0.0015995215394646323
-6.933241 0.365013 0.0018999450112175964 -0.0017105351594004503
-6.933225 -0.121525 0.0016819202925262289 -0.001848244498233509
-6.933212 -0.608064 0.0015865592851582733 -0.002113026014903596
-6.933202 -1.094608 0.001575690734341606 -0.0026237911528461666
-6.933195 -1.581158 0.0015393555889318122 -0.0033012971936301483
-6.933212 -2.067699 0.0010119494781122285 -0.003738926845024082
-6.933239 -2.554247 0.0005768815497333435 -0.0042180855444371446
-6.933283 -3.040803 9.150843786187579e-05 -0.004683295232950968
-6.93334 -3.527372 -0.0005736372825708713 -0.00527166457442263
-6.933404 -4.013956 -0.0017135645883286088 -0.006254269179265748
-6.933465 -4.500551 -0.003223553888005881 -0.007691810372975283
-6.933513 -4.987149 -0.0017781961002185653 -0.0072369402911647285
-6.93354 -5.473742 -0.0030481175083423295 -0.008777539077954088
-7.420412 5.23097 0.008289454296772192 -0.007538153281331006
-7.420383 4.744353 0.003985896454679505 -0.0037823542411672406
-7.420348 4.257735 0.0042268758560624065 -0.00335035657118965
-7.420304 3.771118 0.0018555796108898903 -0.001780799036239955
-7.420247 3.284505 0.001192949374313912 -0.0013209857122831181
-7.420181 2.7979 0.0019685235903352805 -0.0015937917056021433
-7.420119 2.311319 0.0018748254798879316 -0.0012308933233384778
-7.420063 1.824733 0.0017080580189201555 -0.0013268296213126973
-7.420021 1.338157 0.001455963392402282 -0.0015576470903155837
-7.419983 0.851593 0.0013236568022136908 -0.0017718659338434861
-7.419948 0.365035 0.0013290458502979163 -0.0020687979125320055
-7.419933 -0.121504 0.001024705644624646 -0.0020547714983965015
-7.419917 -0.60806 0.0009882547543895726 -0.002594732344817885
-7.419921 -1.094607 0.0006927041447681859 -0.0029504383868754758
-7.419928 -1.581159 0.0005494251596473987 -0.0034465664486091896
-7.419939 -2.067725 0.0005278661481042946 -0.004262152301215849
-7.419972 -2.554284 7.92468293013826e-05 -0.004778726178400916
-7.420008 -3.040854 -0.000765862423861563 -0.005630895972998928
-7.420056 -3.527431 -0.002356315379898888 -0.006791280907677333
-7.420101 -4.014011 -0.0012039621755377539 -0.0066346690274912135
-7.420133 -4.500592 -0.0015710423889174763 -0.00727215601702369
-7.420153 -4.987175 -0.0018935743438817099 -0.007980959598313575
-7.907018 4.257768 0.005120657616998869 -0.004452800580324379
-7.906997 3.771159 0.0031822758862460887 -0.003124930904832013
-7.906969 3.284562 0.003284443001263071 -0.0027735346926220927
-7.906918 2.797963 0.0019281410197606874 -0.0019528406513984464
-7.906873 2.311372 0.00022964766878885712 -0.0013556574889079798
-7.906824 1.824783 0.0003601687725449665 -0.0015200987516053033
-7.906786 1.338201 0.0006042347135064574 -0.0018403892462970362
-7.906754 0.851631 0.0006022244290875278 -0.002059087223614142
-7.906718 0.365067 0.000706878815321943 -0.0022694414263035867
-7.906696 -0.121492 0.0005749019336178662 -0.0025463397756051442
-7.906686 -0.608054 0.0003181783787056247 -0.0030117766859873996
-7.906692 -1.094608 -0.0003156669843349391 -0.0033115331733988285
-7.906701 -1.581168 -0.0011432600727800946 -0.0039348286090827855
-7.906705 -2.067743 -0.0017780437544274719 -0.005001997993730356
-7.906721 -2.554312 -0.0016155602476715103 -0.005610652538692307
-7.906739 -3.040885 -0.00016746546012313956 -0.005722738775816083
-7.906758 -3.527461 -0.0005820337822228794 -0.006392750271601244
-7.906769 -4.014034 -0.0014263387920721016 -0.007335424680647407
-7.906782 -4.500613 0.0026393268954905125 -0.005609366259989201
-8.393646 3.284587 0.005016684800580151 -0.004202512221553434
-8.393619 2.798001 0.002443404434615104 -0.0027415309716900538
-8.393596 2.311413 0.0022501976614250907 -0.0024908839150583617
-8.393573 1.82483 0.0022430967759987652 -0.0023763231383782113
-8.39354 1.338237 0.0018717575990194746 -0.0026304786559805393
-8.393513 0.851657 0.00095592980662218 -0.00272517925413851
-8.39349 0.365095 0.0002383191562103093 -0.002642096488862933
-8.393471 -0.121476 -8.159343533975516e-05 -0.002981954876545956
-8.393466 -0.608036 -0.0002495607894559271 -0.0031480339149254633
-8.393453 -1.094608 0.00014817636835573467 -0.003677600810792825
-8.393449 -1.581174 0.00023692876254699513 -0.004065513275875787
-8.393446 -2.067743 -0.0002467357151090255 -0.0046707591088406275
-8.39344 -2.55432 -0.0009419665716450254 -0.005658835020312836
-8.393447 -3.040885 -0.0008628864213449106 -0.0059997967970559785
-8.393447 -3.527466 0.0035462610584886534 -0.004931270759726658
-8.880266 1.82485 0.005519321327511761 -0.003859714730701569
-8.880242 1.33826 0.002702725279164042 -0.0034421079410620337
-8.880225 0.851681 0.0012711129816125322 -0.0033240512984562542
-8.88021 0.365118 0.0005059660317670023 -0.003153098421208256
-8.88019 -0.121456 0.00019773758950236697 -0.003411114097244372
-8.880171 -0.608024 0.0001515884335105966 -0.003664615800452964
-8.880159 -1.094597 0.00038578976412395605 -0.0041378797698818914
-8.88015 -1.581169 0.0016134978372122077 -0.004356445014124688
-8.88015 -2.067735 0.004897946441190015 -0.003814593246794118
8.636751 0.000189 -0.0008978698620012437 -0.0021436248874223806
8.15005 0.000183 0.0025983050940965313 -0.0014189099820558267
7.663289 0.00018 0.0013206958488183318 -0.0006239191471457371
7.176554 0.000173 0.0011517993302163632 -5.705542754118765e-05
6.689877 0.000162 0.0009341718687494449 0.0003152385102814228
6.203243 0.000154 0.0006881119276158643 0.0006759958848978364
5.71663 0.000141 0.0002541338675428051 0.0008766737136960828
5.229993 0.000133 -0.0006537324792930121 0.0011072667088447676
4.743372 0.000123 -0.0011667370029471158 0.001261346184586884
4.256768 0.000107 -0.001614495859129761 0.001211139292484979
3.770199 9.7e-05 -0.0013860349808396677 0.0012451967348448094
3.283669 8.2e-05 -0.0011500425417381166 0.001143368916136881
2.797165 7e-05 -0.0012097470956291545 0.0010448384427431002
2.310692 5.5e-05 -0.0012000243922614118 0.0009061237943538775
1.824234 4e-05 -0.0005761830806534363 0.0006892243959199704
1.33777 3e-05 -0.0006575951425418225 0.0005795194257154265
0.851302 1.6e-05 -0.000318512487403666 0.0003289337224637864
0.364843 8e-06 -8.406414312034372e-05 0.00018442787030792921
-0.121613 1e-06 2.5235444831572806e-05 2.43026466300132e-05
-0.608076 -1e-05 0.00017892483799286651 -0.0002700535504579545
-1.094549 -1.4e-05 0.0003809404032750763 -0.0004333728575268814
-1.581023 -1.3e-05 0.0003774727262211286 -0.0005372052992512983
-2.067492 -1.1e-05 0.0006700487621458251 -0.0006097245103851353
-2.553968 -7e-06 0.0007558000302481105 -0.000712505270001354
-3.040465 -4e-06 0.0009369264326295479 -0.0008535253483540772
-3.52699 -3e-06 0.000994237044693591 -0.0011092274702518322
-4.01355 1.3e-05 0.001476045631605416 -0.001052262752372397
-4.500138 2e-05 0.0014292147865688776 -0.0012434323344029231
-4.986747 3.7e-05 0.0018117105151702617 -0.0012637481444328685
-5.473359 5.4e-05 0.001365175807649166 -0.001316342809585408
-5.959962 6.8e-05 0.001835497482630899 -0.00152279834331462
-6.446579 9.2e-05 0.0017698101625569507 -0.0015274840197295855
-6.93323 0.000109 0.0017189125587151466 -0.0018108174542304963
-7.419936 0.00013 0.001098815159195965 -0.002054781214044144
-7.906702 0.000148 0.0005930582048847555 -0.002445240944263338
-8.393474 0.000165 -1.669597907039133e-05 -0.002934344886714863
-8.880193 0.000187 0.0003254811985016204 -0.0033381883033995014
-7e-06 8.637181 -0.0007032367277198649 -0.012058656938279455
-2e-06 8.15046 -0.0004448809151244551 -0.0063640823918547085
-3e-06 7.663694 -0.00036556821362633335 -0.005262083466618606
0.0 7.176954 -0.00021699999996469351 -0.003326614032289399
-4e-06 6.690267 -0.0002808456046326209 -0.001799279975415402
-3e-06 6.203621 -0.00022594810903618862 -0.0005035236473531768
5e-06 5.71698 9.673430298684732e-07 1.5168018961730922e-05
3e-06 5.230343 -4.136982135850918e-05 0.0006550206896633881
7e-06 4.743709 6.449144938871778e-05 0.001141948836718143
8e-06 4.257071 9.267415045406342e-05 0.0010429173788111257
1.3e-05 3.770464 0.00022752143916542463 0.0013704295432575009
8e-06 3.283888 0.00010415804307163621 0.0013354522376687328
8e-06 2.797354 0.00011095303736027681 0.0012913515903818507
1.5e-05 2.310846 0.0003222156718031315 0.001135621148058874
1.6e-05 1.824345 0.00036628981290283625 0.0011477330632203575
1.7e-05 1.337844 0.0004133943700075893 0.0005391505453786749
9e-06 0.851346 0.00022077522467545027 0.00047960386194390026
4e-06 0.364852 9.321393535911441e-05 5.3685457197971687e-05
-3e-06 -0.12162 -7.690793991692897e-05 -0.00014788421191136436
-9e-06 -0.608093 -0.00020774819693588264 -0.00031036873259182585
-1.5e-05 -1.094567 -0.0003436852093987302 -0.0003780393990489017
-1.9e-05 -1.581025 -0.0004351462076749207 -0.0003322618897669827
-2.2e-05 -2.067482 -0.000519449013064412 -0.00019283721140084253
-2.6e-05 -2.553941 -0.0006303052575284336 -0.00024748796781182136
-3e-05 -3.040418 -0.000748440038175885 -0.0002735995124112378
-3.5e-05 -3.526927 -0.0009023203502345078 -0.0006452821081808224
-4e-05 -4.013466 -0.0010576528313399022 -0.0006239583006930616
-4.3e-05 -4.500039 -0.0011795701354073663 -0.001412243550547032
-4.5e-05 -4.986632 -0.0012794139449304588 -0.0018929323649956586
-4.7e-05 -5.473227 -0.0013906824723402523 -0.003323616176686528
-4.8e-05 -5.959817 -0.0014877886053193952 -0.004083257177967425
-4.8e-05 -6.446414 -0.0015716160247656354 -0.005329638186651664
-4.7e-05 -6.933045 -0.0016560040926365855 -0.006691560263931251
-4.5e-05 -7.419731 -0.0017187666029120103 -0.008786517919759262
-4.3e-05 -7.906471 -0.001813570168244342 -0.010780542120272685
-4.2e-05 -8.39321 -0.0019534010045239125 -0.012845733419425187
-4.1e-05 -8.879895 -0.002117464127254336 -0.014191391224642302
-0.0 0.0 -2.3113531496220475e-21 5.661182472767588e-37
