-234.310383 -75.908162 1.3736441025757884e-05 1.8990357719878004e-05
-234.046333 -62.637103 3.373036393417017e-06 1.6027327494838595e-05
-233.835316 -49.407111 1.3167713925898994e-06 1.6321178236106126e-05
-233.675479 -36.208936 1.4521261415545439e-06 1.7521949500512446e-05
-233.565442 -23.033765 1.2152362923734117e-06 1.8924895007363385e-05
-233.504269 -9.873141 4.5828358774535616e-08 2.0567043551057707e-05
-233.491448 3.281198 -1.8930401715078204e-06 2.2570897070302992e-05
-233.526871 16.437425 -4.537986830643881e-06 2.5035203842442566e-05
-233.610844 29.603745 -8.05837354334038e-06 2.8061916661353825e-05
-233.744098 42.788515 -1.2351742608163185e-05 3.172530466993839e-05
-233.927748 56.000332 -1.6141969368055342e-05 3.584609228898805e-05
-234.163398 69.248209 -1.5308348735976196e-05 3.905506074303178e-05
-220.932169 -102.226831 6.8970404826229625e-06 1.6789961410357268e-05
-220.592959 -88.899997 4.610326300613643e-06 1.5000107026541531e-05
-220.305919 -75.631725 6.958061922412995e-06 1.5526728656956035e-05
-220.068556 -62.411921 5.306524406445412e-06 1.4961793914830546e-05
-219.878752 -49.231233 2.1721551305420306e-06 1.4645561910997529e-05
-219.734908 -36.080846 5.05304860065614e-07 1.5223670454880822e-05
-219.635845 -22.952409 -4.5444146845596833e-07 1.636549568483081e-05
-219.580758 -9.837859 -1.7807112687728832e-06 1.7876209415419037e-05
-219.569207 3.270706 -3.6082595782360727e-06 1.9724312053740964e-05
-219.601122 16.38107 -5.864110562692204e-06 2.2018377508946363e-05
-219.676725 29.501074 -8.664297807325916e-06 2.4769470187382958e-05
-219.796627 42.638643 -1.1530190661690476e-05 2.8036516153268076e-05
-219.961837 55.801997 -1.297609262962407e-05 3.136176700499482e-05
-220.173715 68.9997 -1.394723359704475e-05 3.4715792182699046e-05
-220.434098 82.240797 -1.8683034112010333e-05 3.9590143698003954e-05
-220.745288 95.534963 -2.4575195409437534e-05 4.555522102067666e-05
-221.110127 108.892731 -1.78184427485073e-05 4.591575714246732e-05
-207.798019 -128.641959 8.63499546133184e-06 2.0777785817660543e-05
-207.390933 -115.221745 5.445828437311562e-06 1.687768025770975e-05
-207.03661 -101.87935 7.841442946410204e-06 1.6616776667977007e-05
-206.731738 -88.603294 4.374468559054101e-06 1.3996652627357165e-05
-206.47359 -75.383132 4.321902142945255e-06 1.3431541146552428e-05
-206.259901 -62.209298 2.9958188244583184e-06 1.2910496771600943e-05
-206.088935 -49.072871 -1.4662101329721011e-06 1.2113842304400935e-05
-205.959308 -35.96547 -3.5181120504601537e-06 1.2602923712537462e-05
-205.869997 -22.879114 -2.5895090335348314e-06 1.4002935685666906e-05
-205.820332 -9.806045 -1.6669236680977306e-06 1.546029996435383e-05
-205.80992 3.261249 -2.8280802178981546e-06 1.7110706198236042e-05
-205.838693 16.330286 -6.332839673217627e-06 1.922810053519436e-05
-205.906877 29.408565 -1.1181834711160299e-05 2.2106215096934223e-05
-206.014974 42.503684 -1.4425187400912698e-05 2.542933411700532e-05
-206.163823 55.623509 -1.436547517064124e-05 2.8318732416265924e-05
-206.354606 68.776197 -1.4551299060472367e-05 3.132439413935928e-05
-206.588871 81.970367 -1.8684771624366547e-05 3.590773090283994e-05
-206.868605 95.215194 -2.0384546732810094e-05 3.994878087854037e-05
-207.196319 108.520711 -2.2969853585519395e-05 4.454733987169224e-05
-207.57504 121.897833 -2.9713169922396254e-05 5.179804385480047e-05
-194.39725 -141.685073 4.319796232499229e-06 2.051274205022713e-05
-193.981325 -128.229901 7.753018444800475e-06 2.0203021026066192e-05
-193.615945 -114.861292 4.892688241220355e-06 1.6235803785513703e-05
-193.297604 -101.567098 5.333909667948333e-06 1.4859624054008869e-05
-193.023419 -88.336421 1.2045745028110844e-06 1.176887142606553e-05
-192.791048 -75.159345 1.8967578941930796e-06 1.1489480989695933e-05
-192.598569 -62.02676 1.2367635679910727e-05 1.4680349832152384e-05
-192.444464 -48.930135 1.416343154159172e-05 1.4565597571153388e-05
-192.327558 -35.861435 7.670532421344411e-06 1.2948463162257284e-05
-192.246979 -22.812987 1.3024701894792656e-06 1.2502215889248491e-05
-192.202164 -9.777362 -2.6276210788322985e-06 1.328272660605298e-05
-192.192789 3.252715 -4.58413379478273e-06 1.4781776650105508e-05
-192.218775 16.284466 -4.8572117526957115e-06 1.655877319815119e-05
-192.280307 29.325119 -2.8748924716381907e-06 1.8159564119296645e-05
-192.377817 42.382007 9.054086963500296e-07 1.9200274854386246e-05
-192.512025 55.46266 1.3011309615285072e-06 2.079187425235718e-05
-192.683951 68.574929 -9.708873474623125e-06 2.6402745442966058e-05
-192.894914 81.727041 -2.085855879063736e-05 3.358833136193895e-05
-193.146591 94.927756 -1.987056222285677e-05 3.6353827659707516e-05
-193.441125 108.18662 -2.312267038484528e-05 4.118572797956466e-05
-193.781136 121.51396 -2.470591387071508e-05 4.533998309247389e-05
-194.169813 134.92126 -2.9652831009752134e-05 5.191706767737614e-05
-194.610991 148.421341 -3.028516263625658e-05 5.575083090164634e-05
-181.103139 -154.767529 4.224117801876481e-06 2.3850366693056735e-05
-180.68174 -141.265936 6.665770067137977e-06 2.2460743668628602e-05
-180.308926 -127.860269 4.697953925436593e-06 1.8121630055545346e-05
-179.981028 -114.537601 2.6853442913754577e-06 1.4603333041207645e-05
-179.695034 -101.286397 3.8626817762121846e-06 1.3628908185958633e-05
-179.448493 -88.096296 1.5629569700137402e-05 1.8092083942156112e-05
-179.239358 -74.957829 6.288390825393009e-06 1.241342386523736e-05
-179.065987 -61.862258 -1.8614267571770426e-06 8.875040784228627e-06
-178.9271 -48.801428 -2.0611622534305596e-06 9.05291785691098e-06
-178.821671 -35.767586 -7.099115317821258e-07 9.859533066453041e-06
-178.749001 -22.753332 -7.984700856056293e-08 1.0633420068781319e-05
-178.708572 -9.751484 -4.968245839176433e-07 1.1494665309155772e-05
-178.70011 3.245005 -1.7373007711318778e-06 1.2613240974930842e-05
-178.723577 16.243101 -3.670150474421874e-06 1.4172246702782998e-05
-178.779104 29.249816 -6.587750939979209e-06 1.6295251724904314e-05
-178.867063 42.272245 -1.060898050597725e-05 1.9186905434592783e-05
-178.988084 55.317661 -1.4674779135304128e-05 2.2752936209319286e-05
-179.142984 68.393611 -1.4525624481454003e-05 2.5309670571932452e-05
-179.332933 81.508009 -5.816064310715241e-06 2.3990885278046825e-05
-179.559368 94.669263 -1.0191046189045316e-05 2.8329620941514033e-05
-179.824088 107.886481 -2.476136854612232e-05 3.9237829568161686e-05
-180.129363 121.169504 -2.339275632368132e-05 4.14790712434665e-05
-180.477904 134.529225 -2.7607494214598738e-05 4.75454590878055e-05
-180.873052 147.977814 -2.914513453899925e-05 5.190675556149271e-05
-181.318811 161.529014 -3.4408339123381815e-05 5.966085389758069e-05
-167.896743 -167.904657 3.998846974329062e-06 2.8038453548928643e-05
-167.473047 -154.34458 5.3047491547220105e-06 2.5212828905551987e-05
-167.096173 -140.890639 4.851443360598395e-06 2.1275310447432805e-05
-166.762329 -127.528906 5.039752740687575e-07 1.4979530631065163e-05
-166.468376 -114.247098 1.3027706171842013e-05 2.148610871138823e-05
-166.211742 -101.034229 7.0927043940294254e-06 1.5241858905279404e-05
-165.990291 -87.880383 -9.777775149544254e-07 9.22242215645186e-06
-165.802273 -74.776484 1.8561877248579606e-06 9.787858527676718e-06
-165.646289 -61.714133 3.966644994357615e-06 1.0007577391279998e-05
-165.52125 -48.68546 2.1564829776332672e-06 9.074903468575535e-06
-165.426295 -35.682989 -9.019093391016142e-07 8.461515619159754e-06
-165.360809 -22.699545 -3.2165820217366914e-06 8.697980255226168e-06
-165.324376 -9.72815 -4.798754355328505e-06 9.548120101978558e-06
-165.316762 3.238033 -6.088409366111769e-06 1.0830749700013742e-05
-165.337918 16.205786 -7.193962431539802e-06 1.2469153117512788e-05
-165.387974 29.181909 -7.842866535989756e-06 1.4347716826956791e-05
-165.467256 42.173311 -7.619102079692297e-06 1.6172340233683302e-05
-165.576244 55.187028 -7.420025982085576e-06 1.80381503377125e-05
-165.71568 68.230374 -1.0250955713053678e-05 2.1129482389026233e-05
-165.886514 81.310985 -1.6420340742118178e-05 2.629088992608941e-05
-166.09 94.436938 -1.8685467615409124e-05 3.0262016657900404e-05
-166.327684 107.616993 -8.502559517786779e-06 2.635947175300135e-05
-166.601485 120.860561 -2.093332077857113e-05 3.7174655993676975e-05
-166.913745 134.178023 -2.579203858332768e-05 4.376179293236193e-05
-167.267325 147.580981 -2.8602264533494903e-05 4.91254957215026e-05
-167.665682 161.082466 -2.9590427317871537e-05 5.30401862579577e-05
-168.112984 174.697383 -3.535997364900734e-05 6.182440292323843e-05
-154.760817 -181.112539 3.1118395381612984e-06 3.23568539940533e-05
-154.337884 -167.48099 4.667373703137745e-06 2.9326282382391433e-05
-153.960219 -153.966919 4.394575376209797e-06 2.4848102034846775e-05
-153.62386 -140.555109 9.710762713388554e-07 1.808260599051037e-05
-153.325581 -127.232324 1.3906791992479572e-05 2.599098883959705e-05
-153.062642 -113.986811 7.695317871814211e-07 1.2832566122666922e-05
-152.832861 -100.808067 1.6024972085415534e-06 1.1555922164951937e-05
-152.634381 -87.686557 4.6561957804946985e-06 1.1840096345749895e-05
-152.465719 -74.613555 1.398291718524014e-06 8.918801714635771e-06
-152.32569 -61.580957 -1.49151050043983e-06 7.069335159537449e-06
-152.213372 -48.581137 -1.2020637298326697e-06 7.030869648400051e-06
-152.128038 -35.606853 6.112993332640926e-07 7.615272376568227e-06
-152.069159 -22.65112 1.1596643151312591e-06 7.96701779316733e-06
-152.036405 -9.707146 3.9701542819958746e-07 8.35539281997602e-06
-152.02956 3.231741 -7.36987596505756e-07 9.075286102418548e-06
-152.0486 16.17217 -1.891503215722956e-06 1.0132876669476099e-05
-152.093622 29.120766 -3.925145479699577e-06 1.1705048637927762e-05
-152.164898 42.084268 -7.572294262681023e-06 1.4125823296934348e-05
-152.262852 55.069526 -1.1344777883393053e-05 1.7288337280263466e-05
-152.388082 68.08365 -1.2531878914479044e-05 1.991583605512326e-05
-152.541407 81.134024 -1.1129562303702212e-05 2.1393903722466412e-05
-152.723871 94.22847 -1.348454126504084e-05 2.496215992353612e-05
-152.936799 107.375404 -2.0378939888154868e-05 3.1986983744680675e-05
-153.181843 120.583892 -1.5243297855072058e-05 3.062220750466027e-05
-153.460998 133.86388 -1.70736042904851e-05 3.434826427967108e-05
-153.776729 147.226453 -2.7224426325356266e-05 4.6192266990263686e-05
-154.131995 160.68404 -2.8982937504584694e-05 5.083853932652538e-05
-154.530405 174.250796 -3.0163497473090217e-05 5.498298826600578e-05
-154.976255 187.943022 -3.4445258757342945e-05 6.271125873058558e-05
-141.679287 -194.408438 2.289077875250456e-06 3.7366266913529955e-05
-141.260232 -180.691244 4.662612359374041e-06 3.504038721591218e-05
-140.885 -167.1042 3.8075990947961103e-06 2.9046852402014878e-05
-140.549497 -153.630606 7.983117754073454e-07 2.1484496112167406e-05
-140.250368 -140.255984 1.2196789293761334e-05 2.94156282287239e-05
-139.984782 -126.967614 -1.7161544868526946e-07 1.4196188810988719e-05
-139.750437 -113.75426 3.397368914803689e-06 1.4778595553488483e-05
-139.54542 -100.605799 3.2764732953438624e-06 1.2490572702139602e-05
-139.368165 -87.513052 -4.609110726971899e-07 8.376907777607467e-06
-139.217416 -74.46759 1.1173350714099861e-06 8.197431634382468e-06
-139.092172 -61.461565 3.1837939430956474e-06 8.310683065476665e-06
-138.991648 -48.487566 -9.030914590035799e-07 6.204626721656448e-06
-138.915255 -35.538538 -3.6411349461640263e-06 5.498959688335359e-06
-138.862528 -22.607661 -3.3515857387755865e-06 6.059939264599357e-06
-138.833185 -9.688295 -3.062692261690536e-06 6.782439903429971e-06
-138.827071 3.226088 -3.74641879297144e-06 7.671099512716537e-06
-138.844122 16.141985 -5.575584341332984e-06 8.949251728590513e-06
-138.884463 29.065885 -8.102808036591913e-06 1.0848119753728569e-05
-138.948298 42.004365 -9.27755954210907e-06 1.2893198571756193e-05
-139.035986 54.964147 -7.072159537047096e-06 1.383185225439787e-05
-139.14805 67.952133 -7.845845757303849e-06 1.5856865794305897e-05
-139.285158 80.975527 -1.3359269478041558e-05 2.0782285261922162e-05
-139.448194 94.041925 -1.435957501477736e-05 2.3656900687785143e-05
-139.638283 107.159449 -1.3105576939176355e-05 2.4883623093829854e-05
-139.8568 120.336831 -1.9496051069933795e-05 3.2352828055415284e-05
-140.105485 133.583666 -1.853162875720127e-05 3.388870111931119e-05
-140.386438 146.910586 -1.7042482547413584e-05 3.4539241589359726e-05
-140.702206 160.329498 -2.701489309692162e-05 4.781790165231392e-05
-141.055873 173.853925 -2.9093460199802745e-05 5.3049561768658826e-05
-141.451161 187.499415 -3.101024499885252e-05 5.816652714740744e-05
-141.892525 201.283898 -2.9811243902833073e-05 5.895048648241197e-05
-128.636844 -207.811366 4.333950678836462e-06 4.758873134924624e-05
-128.224924 -193.992675 4.381157099164756e-06 4.124005084416016e-05
-127.855419 -180.318568 2.848823816070656e-06 3.343437348546363e-05
-127.52416 -166.770472 1.5027357058716717e-07 2.499558667390378e-05
-127.227648 -153.332392 1.1472689433522643e-05 3.456367371906799e-05
-126.962981 -139.990437 -1.1741251321195634e-07 1.710863555554054e-05
-126.727744 -126.732384 3.64280166004205e-06 1.7922365435851795e-05
-126.519968 -113.547393 2.1129486336701753e-06 1.3708427502312492e-05
-126.338009 -100.425696 1.846399649840791e-08 9.818931527627583e-06
-126.180547 -87.358426 3.643656978025156e-06 1.0752482619114101e-05
-126.046535 -74.337413 -5.50536352617037e-07 6.7204905854489905e-06
-125.935132 -61.355024 -8.634404317087174e-07 5.806986342615783e-06
-125.845692 -48.404038 1.7442245404675205e-06 6.4002787711070486e-06
-125.777697 -35.47754 8.586428531520696e-07 5.759308314950973e-06
-125.730764 -22.56885 -8.101285551287418e-07 5.406284894329816e-06
-125.704643 -9.671464 -2.1048490828068367e-06 5.658605846982356e-06
-125.699197 3.221038 -3.0450337044629627e-06 6.340200958184633e-06
-125.714389 16.115019 -3.696222573124075e-06 7.330940430309851e-06
-125.750297 29.016861 -3.977902254870269e-06 8.48002956847782e-06
-125.807127 41.933022 -4.197368089764453e-06 9.728688331295254e-06
-125.885177 54.870081 -6.70601577912322e-06 1.204637166296596e-05
-125.984887 67.834798 -1.1423851440761634e-05 1.6112921979866135e-05
-126.10682 80.834216 -9.009943212623384e-06 1.6565889900233e-05
-126.251719 93.875729 -1.1636913060886211e-05 2.025020900431329e-05
-126.420519 106.967224 -1.5501387554406332e-05 2.5407666573940002e-05
-126.614378 120.117155 -1.379356601610704e-05 2.5954824081464434e-05
-126.834776 133.334787 -1.9271790597796823e-05 3.3593547675292434e-05
-127.083499 146.63035 -1.8046655732628647e-05 3.449887263795581e-05
-127.362735 160.0153 -1.9838425015517025e-05 3.884653961294671e-05
-127.675108 173.502659 -2.5545277048344417e-05 4.857958289572473e-05
-128.023823 187.107285 -2.8130977835050253e-05 5.468881277714832e-05
-128.412734 200.846395 -3.20190352676164e-05 6.311366133560092e-05
-115.217225 -207.404484 2.237456856402087e-06 4.497338470688117e-05
-114.85697 -193.627497 2.394898858226746e-06 3.896470777087213e-05
-114.533454 -179.99085 1.4455576536342996e-06 3.193815451307813e-05
-114.243101 -166.476672 8.892569175245058e-06 3.793747967162364e-05
-113.98293 -153.06958 6.91871219926643e-07 2.1773474651376468e-05
-113.750452 -139.756169 2.92859820744118e-06 2.0870947097295645e-05
-113.543622 -126.524643 2.0267446527721944e-06 1.64597809257927e-05
-113.360739 -113.364509 5.040015568780198e-07 1.2143850694590341e-05
-113.200439 -100.266328 3.3320318239549174e-06 1.2480522233293545e-05
-113.061623 -87.221501 -1.22052873952061e-06 6.904939364893448e-06
-112.943418 -74.222081 2.3268942674903315e-06 8.100666253896271e-06
-112.845126 -61.260604 1.0555410407953048e-06 6.2220062716777935e-06
-112.76619 -48.329993 -7.148820094227126e-07 4.739893734950762e-06
-112.706174 -35.423451 -1.0141489860671093e-06 4.372301228849906e-06
-112.664748 -22.534438 -9.129908390415054e-07 4.441196322882424e-06
-112.641698 -9.656544 -1.3029176652579189e-06 4.677471376814124e-06
-112.636898 3.216554 -2.007375938251066e-06 5.162933669486738e-06
-112.650306 16.09111 -2.962597728084493e-06 5.987302741358724e-06
-112.682 28.973403 -4.417861920680277e-06 7.250053192339734e-06
-112.732148 41.869771 -6.156930234368918e-06 9.022974165162623e-06
-112.801037 54.786682 -6.745251844797462e-06 1.0701497077769684e-05
-112.889039 67.730803 -6.217287975118779e-06 1.1854489318841033e-05
-112.996631 80.709038 -9.496518853957525e-06 1.558369382753666e-05
-113.124421 93.728604 -1.1514236840870495e-05 1.9004767725705474e-05
-113.273197 106.797206 -1.094204302559687e-05 2.0318042432132533e-05
-113.443921 119.923037 -1.5543622060576467e-05 2.6901911857390992e-05
-113.637819 133.115075 -1.3929000291679206e-05 2.7136211743938876e-05
-113.856408 146.383232 -1.9715165197664586e-05 3.63472699846934e-05
-114.101563 159.738572 -1.4749871350749899e-05 3.174183851245571e-05
-114.375505 173.193635 -2.3934289305027612e-05 4.713130285982636e-05
-114.680977 186.762713 -2.472599976677259e-05 5.079512705996603e-05
-115.021251 200.462367 -2.632597856355723e-05 5.5746463550776504e-05
-115.400311 214.311889 -2.9949495600312126e-05 6.464049283827489e-05
-102.222514 -220.94833 2.596237714480587e-06 5.352592274598944e-05
-101.875295 -207.05043 3.4318673065025784e-06 4.8176740018446296e-05
-101.563294 -193.309423 2.606941375771221e-06 4.0187908173949793e-05
-101.28282 -179.705093 2.1944086882608183e-06 3.378832083678063e-05
-101.030844 -166.220232 4.515684479844406e-06 3.2584881918595876e-05
-100.804837 -152.839953 1.3788648439150286e-06 2.304240259731749e-05
-100.602689 -139.55127 2.7498641323453477e-06 2.1084695181361468e-05
-100.422661 -126.342762 3.5766052430830086e-07 1.4574577131443167e-05
-100.263329 -113.204246 3.1680991419702487e-06 1.5057871005197399e-05
-100.123581 -100.126577 -4.73605957063139e-07 8.802516328898502e-06
-100.002498 -87.101371 2.5407766903740026e-06 9.718308567996381e-06
-99.899356 -74.120856 3.7706958677663494e-07 6.420749304375528e-06
-99.813591 -61.177721 2.3964362633188685e-07 5.268629709148653e-06
-99.744705 -48.264991 4.5903312451134326e-07 4.648018454928016e-06
-99.69235 -35.375983 -1.1457733445907614e-06 3.5679482089656656e-06
-99.656228 -22.504247 -2.1592414192750375e-06 3.3316321962906237e-06
-99.636124 -9.643446 -2.648390608483986e-06 3.6031147516331352e-06
-99.631934 3.212622 -3.250337514748569e-06 4.185024711179583e-06
-99.643617 16.070131 -4.144831725449993e-06 5.08660769309166e-06
-99.671254 28.935264 -4.900891088344128e-06 6.248828548646723e-06
-99.715007 41.814248 -4.796894424452525e-06 7.367080996079078e-06
-99.775112 54.713476 -5.280579557287446e-06 8.823832368859419e-06
-99.851905 67.63952 -7.42971546885407e-06 1.153100071599189e-05
-99.945785 80.599173 -7.38575253189655e-06 1.2986095872358216e-05
-100.057296 93.599538 -8.52311299881503e-06 1.555927954527414e-05
-100.187053 106.648139 -1.1761352831207716e-05 2.054882671886915e-05
-100.335856 119.752991 -1.1262435132108894e-05 2.180895624193102e-05
-100.504715 132.922812 -1.4868840119586224e-05 2.8235869728776564e-05
-100.694896 146.167202 -1.3964978995861799e-05 2.8917075457546293e-05
-100.907976 159.496887 -1.956784149065305e-05 3.9583390346431546e-05
-101.145837 172.924027 -1.2634560265845085e-05 2.9957328253948923e-05
-101.410794 186.462437 -2.3219383646910785e-05 5.05533253239987e-05
-101.705634 200.128086 -2.4331816503353476e-05 5.505653566550972e-05
-102.033731 213.939599 -2.6598977381775413e-05 6.213665317111872e-05
-88.895948 -220.60945 1.6968918953308432e-06 5.22036211115795e-05
-88.599565 -206.745899 1.8608977855882891e-06 4.572836204819186e-05
-88.333002 -193.035553 7.285715681870641e-07 3.700508464055119e-05
-88.093155 -179.458831 8.01404118372373e-06 4.639759425617562e-05
-87.877479 -165.999018 -3.427998662708376e-08 2.5204177237170278e-05
-87.683847 -152.641664 3.254405756325518e-06 2.666338202511609e-05
-87.5105 -139.37417 3.366174416985501e-07 1.780147269808685e-05
-87.355993 -126.185417 3.1240140799804195e-06 1.8539369352643664e-05
-87.219148 -113.065509 -4.4169321550269203e-07 1.0728031094475732e-05
-87.099056 -100.005531 2.51512382154484e-06 1.1912141657410835e-05
-86.994975 -86.99729 5.230500237374258e-07 7.707961690917031e-06
-86.906319 -74.033153 1.099929171410885e-06 6.6666179318330965e-06
-86.832592 -61.105915 -5.257938190394995e-08 4.6221940347423995e-06
-86.773415 -48.208695 -7.106475006235513e-07 3.470424799978389e-06
-86.728456 -35.334893 2.505169020561304e-07 3.4567891757236735e-06
-86.697446 -22.478111 6.480800496810879e-07 3.2678888290810226e-06
-86.680189 -9.632114 -5.516721801601676e-09 3.0578713010424863e-06
-86.676574 3.20923 -7.329762673480289e-07 3.184162417657274e-06
-86.686597 16.051989 -1.1712516994055733e-06 3.5947993136525858e-06
-86.710321 28.902241 -2.15611745313371e-06 4.453179526978102e-06
-86.747889 41.766166 -4.2317033503436186e-06 6.1960242581649005e-06
-86.799512 54.650067 -5.909804053350065e-06 8.31711113166711e-06
-86.8655 67.56043 -5.5115980039377455e-06 9.339334155950008e-06
-86.94621 80.50397 -7.196649063290206e-06 1.2190972099840325e-05
-87.042074 93.487708 -7.52805155590508e-06 1.4063087302562671e-05
-87.153605 106.519039 -8.743262606247804e-06 1.6986605781199593e-05
-87.281464 119.60582 -1.0384468258128887e-05 2.076412056162269e-05
-87.426462 132.756541 -1.218930641805338e-05 2.518185120253813e-05
-87.589634 145.980554 -1.3088818310802441e-05 2.8501465689556582e-05
-87.772273 159.288297 -1.4905487869476541e-05 3.358520496182793e-05
-87.975976 172.691546 -1.5316701322098947e-05 3.631587822272575e-05
-88.20266 186.203775 -1.827541648335984e-05 4.421523726005905e-05
-88.454689 199.840412 -2.0218380774150724e-05 5.075479428651164e-05
-88.734841 213.619561 -2.1527481215810607e-05 5.5940496774709025e-05
-89.046542 227.562391 -2.3592386327875303e-05 6.330565696932577e-05
-75.903837 -234.330041 4.772099298278043e-06 6.98700676254882e-05
-75.627798 -220.322826 2.698142094775813e-06 5.579670971345152e-05
-75.379601 -206.488137 1.968345082398182e-06 4.682062338112747e-05
-75.156182 -192.80354 1.2687611711248437e-06 3.8738551743078276e-05
-74.954986 -179.250017 3.28962153386958e-06 3.803982720851362e-05
-74.773927 -165.811285 1.61207804780239e-06 2.8888154190664928e-05
-74.611235 -152.473246 1.5417950098572941e-06 2.4141303784142032e-05
-74.465469 -139.223613 1.4825233694837348e-06 1.9951828408582006e-05
-74.335452 -126.05156 5.434674351656454e-07 1.4811572249751048e-05
-74.220236 -112.94742 2.3117309734255187e-06 1.462005657298926e-05
-74.119089 -99.902465 8.975215496365152e-07 9.970773051426463e-06
-74.031427 -86.908668 1.2872310258538189e-06 8.377814112336956e-06
-73.956758 -73.958485 7.932744491845334e-08 5.450170458304315e-06
-73.89472 -61.044823 4.91323751433681e-07 4.634739416392586e-06
-73.844936 -48.160822 1.4538171519418164e-06 4.31548927173897e-06
-73.807124 -35.299954 -4.7633462188501063e-07 2.560259762418582e-06
-73.781059 -22.455897 -9.88338461849203e-07 2.1683881400724747e-06
-73.766545 -9.622469 -8.404234267123112e-07 2.2155443451035706e-06
-73.763519 3.206347 -1.1946172511489994e-06 2.429525595655513e-06
-73.771936 16.036572 -2.1891867548196053e-06 2.98686821798011e-06
-73.79185 28.874185 -3.432123457020042e-06 4.106818946039703e-06
-73.823418 41.725285 -2.891159203571858e-06 4.7332465932525825e-06
-73.866831 54.596124 -3.268461132105438e-06 5.837468636721299e-06
-73.922374 67.493105 -5.647248363799262e-06 9.003232590620858e-06
-73.990332 80.422913 -5.534240585275407e-06 1.0245794668184427e-05
-74.071067 93.392484 -7.003683561074281e-06 1.3395262753679305e-05
-74.165018 106.409126 -6.877956879425273e-06 1.4681279794315216e-05
-74.2727 119.480561 -9.6472202520681e-06 2.0500470399142934e-05
-74.394769 132.615129 -8.394344646889262e-06 2.0012658393075977e-05
-74.532041 145.821944 -1.2191944607414795e-05 2.8835693145601304e-05
-74.68558 159.111182 -1.1087694917588653e-05 2.847291597624091e-05
-74.856672 172.494337 -1.5437304200754953e-05 4.0096593569960426e-05
-75.046918 185.98451 -1.0357718473963384e-05 2.974586105064514e-05
-75.258238 199.59682 -1.7758975098897123e-05 5.0508954995698296e-05
-75.492946 213.348799 -1.870457022595806e-05 5.539229577211646e-05
-75.75387 227.261087 -2.102410050422443e-05 6.466006203764696e-05
-62.632699 -234.066489 1.7078373344969755e-06 6.093250889060986e-05
-62.407995 -220.085929 2.255941794482297e-06 5.5543541266134255e-05
-62.205818 -206.274903 1.6915333452549586e-06 4.686299401635008e-05
-62.023707 -192.61146 4.8580245614326945e-06 5.0399780256671356e-05
-61.859582 -179.077013 3.002475299218599e-07 3.097559616260792e-05
-61.711787 -165.655624 2.512040995383824e-06 3.197644752361839e-05
-61.578894 -152.333499 5.010915326841836e-07 2.2101128131502e-05
-61.459744 -139.098613 2.533348086003473e-06 2.2761813082416982e-05
-61.353399 -125.94035 6.690760812333441e-07 1.5079094083270128e-05
-61.259137 -112.84928 1.6022246284719266e-06 1.3811162500154683e-05
-61.176375 -99.816811 1.044023500956781e-06 1.0168158811052486e-05
-61.104648 -86.835017 6.584390171704424e-07 7.453533866164097e-06
-61.043592 -73.896477 7.931809347938579e-07 5.947934333699889e-06
-60.992868 -60.994095 1.367681190050929e-06 5.1899588725534684e-06
-60.952205 -48.1211 -9.22491061594588e-08 2.851592842967321e-06
-60.921339 -35.270991 7.963903781993409e-07 2.775537777749415e-06
-60.900069 -22.437481 4.243637524714572e-08 1.9295900200305693e-06
-60.888243 -9.614486 -8.378606371761688e-07 1.5929906309920805e-06
-60.885751 3.203978 -1.415232006446443e-06 1.7446507675038248e-06
-60.892599 16.023811 -1.6323014620789333e-06 2.168008794010967e-06
-60.908834 28.850937 -1.5789080365369301e-06 2.6692840039005405e-06
-60.934592 41.691393 -2.498573352216482e-06 3.880538062328576e-06
-60.970051 54.55135 -3.6362605631834466e-06 5.74926405547127e-06
-61.015421 67.437205 -3.121289360002999e-06 6.227131177843903e-06
-61.070983 80.355566 -5.337391701554228e-06 1.010462089889863e-05
-61.137037 93.313334 -5.032600121718245e-06 1.1071499851245115e-05
-61.213923 106.317755 -6.494456718048047e-06 1.4892299227520223e-05
-61.302048 119.37646 -6.049728573598312e-06 1.553871709270016e-05
-61.401915 132.497652 -8.726936885028458e-06 2.2598133077977867e-05
-61.514174 145.690272 -8.986000170546626e-06 2.4966486732613813e-05
-61.639658 158.964251 -9.771723334023319e-06 2.8846439750929154e-05
-61.779378 172.330865 -1.1473942788470248e-05 3.5340344244017e-05
-61.934626 185.802936 -9.797526562077552e-06 3.228225194717993e-05
-62.106948 199.395235 -1.4900575341814104e-05 5.015113159201334e-05
-62.29821 213.124913 -1.5164289371621953e-05 5.353151965437064e-05
-62.51068 227.01211 -1.614779449365944e-05 5.973451096430438e-05
-49.402489 -233.85602 1.5004961508024994e-06 6.045667168408375e-05
-49.227159 -219.896669 1.613982168136019e-06 5.400939962052487e-05
-49.069314 -206.104447 7.55109824251976e-07 4.391464475661522e-05
-48.927052 -192.457826 4.734028440339655e-06 5.363741968023028e-05
-48.798775 -178.938539 5.990889686002809e-07 3.200490390942168e-05
-48.683182 -165.530949 1.8296573583154174e-06 3.127147520576301e-05
-48.57919 -152.221505 8.458562379964896e-07 2.3368185216199322e-05
-48.485905 -138.998371 9.409989117636908e-07 1.9537581403161752e-05
-48.402614 -125.851144 1.896097763853799e-06 1.8403263772448497e-05
-48.328764 -112.770537 8.62746404761694e-07 1.2631036360899461e-05
-48.263922 -99.748082 1.284550308289223e-06 1.0869639427313338e-05
-48.207746 -86.77595 4.924454329868766e-07 7.131891631539933e-06
-48.159951 -73.846765 1.5894197424870526e-06 7.130271087785189e-06
-48.120273 -60.953462 2.6842570177709746e-07 3.8194188095030945e-06
-48.088486 -48.089311 9.85458657676297e-07 3.55885664324318e-06
-48.064373 -35.247813 -1.2901042181767686e-07 1.797020524454962e-06
-48.04775 -22.422747 -1.6219463921940402e-07 1.371825957288686e-06
-48.038508 -9.608089 1.1214634018652525e-07 1.2320847270763657e-06
-48.036562 3.202091 -2.08304800491943e-07 1.0957697373983888e-06
-48.041904 16.01362 -8.924344071514767e-07 1.384023111776489e-06
-48.054565 28.832361 -2.1173415894748526e-06 2.4502970127349144e-06
-48.074669 41.664278 -2.087555996288515e-06 3.166875956417403e-06
-48.102365 54.515507 -2.29330290241192e-06 4.179016362987342e-06
-48.137853 67.392402 -3.2125470295352176e-06 6.342851660900983e-06
-48.181344 80.301557 -3.3403510590890306e-06 7.693546094811321e-06
-48.233071 93.249839 -4.596022231601049e-06 1.1264435829438924e-05
-48.293299 106.24444 -4.835185499513228e-06 1.317743017914541e-05
-48.362344 119.292933 -5.109073505815687e-06 1.5235125150669937e-05
-48.44059 132.403414 -6.849081861687312e-06 2.1400272400606823e-05
-48.528522 145.584686 -5.961850956803794e-06 2.0605494631120713e-05
-48.626759 158.846528 -8.22333736616443e-06 2.9591908216497487e-05
-48.736075 172.199978 -7.924608535825328e-06 3.052497386257791e-05
-48.857473 185.657633 -9.674689297106687e-06 3.9110494210681246e-05
-48.992139 199.234018 -9.659584770532748e-06 4.136598089843346e-05
-49.141532 212.94596 -1.115291125686202e-05 5.040069557427085e-05
-49.30736 226.813253 -1.173057856779236e-05 5.579492969287614e-05
-49.491742 240.859268 -1.1737035080811031e-05 5.876603975785155e-05
-36.203956 -233.696823 1.791224139707781e-06 6.243443094278156e-05
-36.076492 -219.753432 1.4744616885220552e-06 5.410442945519289e-05
-35.961696 -205.97538 6.835388783876795e-07 4.349383800494877e-05
-35.858185 -192.341439 2.689827298563152e-06 4.87059022441505e-05
-35.764821 -178.833582 1.123601485825132e-06 3.4766221210791315e-05
-35.68065 -165.436409 1.0748914813785149e-06 2.946460299213527e-05
-35.604889 -152.136535 1.411849326546366e-06 2.6283296782003696e-05
-35.536903 -138.922287 3.3822329012500596e-07 1.7735556555820153e-05
-35.47619 -125.783421 1.5015173960158945e-06 1.835247795106687e-05
-35.422339 -112.71075 8.680849886838482e-07 1.3033936300477222e-05
-35.375064 -99.695913 6.764417900817499e-07 9.838243171911287e-06
-35.334136 -86.731144 1.0782476727866364e-06 8.565022056150617e-06
-35.29932 -73.809069 5.721614478315651e-07 5.5587672448120795e-06
-35.270442 -60.922679 1.0568874096866798e-06 4.96445188866157e-06
-35.247311 -48.065226 2.2801227120283762e-07 2.529823093316841e-06
-35.229764 -35.230261 5.925545404905641e-07 2.144375736298776e-06
-35.217687 -22.411601 3.2848747263947153e-08 1.1004752531323936e-06
-35.210956 -9.60324 -4.028237563652448e-07 6.773910594636001e-07
-35.209538 3.200674 -6.294140471180265e-07 6.604616390008811e-07
-35.213398 16.005928 -1.1069168592142686e-06 1.0091963163968987e-06
-35.222597 28.818315 -8.72687289182883e-07 1.255710281547473e-06
-35.237202 41.643758 -1.8364679651855509e-06 2.819674147724882e-06
-35.257348 54.48836 -1.7958291334552179e-06 3.6137654007284414e-06
-35.283171 67.35844 -2.449266990722787e-06 5.738962737644737e-06
-35.314842 80.260584 -2.129934799338651e-06 6.150666365084545e-06
-35.352532 93.201649 -3.4138141664502575e-06 1.0496082987421218e-05
-35.396441 106.188775 -3.2707640096885093e-06 1.151523746417693e-05
-35.446786 119.229507 -4.038549335505515e-06 1.5419289248752577e-05
-35.503849 132.331862 -4.112401788228248e-06 1.7391685783962885e-05
-35.567955 145.504551 -4.481740102257881e-06 2.0559337225833918e-05
-35.639552 158.757217 -5.900005183828716e-06 2.8711876155940175e-05
-35.719193 172.100727 -5.307071658258722e-06 2.815491633945122e-05
-35.807596 185.547509 -7.246890929207828e-06 4.0448751708943576e-05
-35.905618 199.111895 -5.226661983964709e-06 3.228521431264397e-05
-36.014304 212.810494 -7.648436806464987e-06 4.91728957224824e-05
-36.134897 226.662793 -7.953387523143562e-06 5.464072665872788e-05
-36.268913 240.691873 -8.747848409818015e-06 6.358051090404881e-05
-23.028284 -233.587499 1.8662592993212712e-06 6.423513112063794e-05
-22.947624 -219.655046 1.453453331967669e-06 5.509931479119601e-05
-22.874964 -205.886694 1.0498716842971545e-06 4.6225848058023544e-05
-22.809434 -192.261436 1.4047175908721288e-06 4.404024322590683e-05
-22.750312 -178.761427 1.1854063987348784e-06 3.6931139204443575e-05
-22.696998 -165.371392 7.237250446989751e-07 2.8556349965902506e-05
-22.649002 -152.078071 1.3293337048636555e-06 2.80892070013139e-05
-22.60592 -138.86993 5.999050164545716e-07 1.9145815239762776e-05
-22.567435 -125.736809 9.678011650693374e-07 1.7665642118303015e-05
-22.533309 -112.669602 8.984387166455221e-07 1.3988923359020689e-05
-22.503357 -99.660023 5.391251557407273e-07 9.53943118003897e-06
-22.477422 -86.700322 1.1065502572293884e-06 9.54461163776843e-06
-22.455369 -73.783157 5.129222146460499e-07 5.520506935030589e-06
-22.437072 -60.901519 6.484634541281675e-07 4.552394776535795e-06
-22.422432 -48.048681 3.8593622508908965e-07 2.7389413675693586e-06
-22.41134 -35.218221 2.844467101442705e-07 1.6994837033768029e-06
-22.403688 -22.403945 1.7589097288384092e-07 9.788857835701936e-07
-22.399412 -9.5999 -2.3266964403745316e-07 3.752953284877347e-07
-22.398494 3.199718 -4.972427590788087e-07 2.799758147282311e-07
-22.400941 16.000658 -5.930503538670306e-07 4.678015931777746e-07
-22.406752 28.808682 -9.426196626027838e-07 1.2092618379561104e-06
-22.415992 41.629675 -7.759648390781582e-07 1.5173615363905935e-06
-22.428734 54.46971 -1.4742496464298371e-06 3.806810973283614e-06
-22.445076 67.3351 -1.257450956193562e-06 4.171542385494886e-06
-22.465128 80.232407 -1.7147761315755572e-06 6.725562235909699e-06
-22.489009 93.168477 -1.9668139685097286e-06 9.002844989225434e-06
-22.516843 106.150451 -2.156518429705101e-06 1.1348633727426005e-05
-22.548766 119.18583 -2.5435443589405526e-06 1.5010774672086225e-05
-22.584947 132.282597 -2.2877192951270553e-06 1.5457439398014472e-05
-22.625593 145.449388 -3.021614560685948e-06 2.206271405219562e-05
-22.67098 158.695748 -3.368659756183834e-06 2.7013917341445204e-05
-22.721459 172.032441 -3.0683882078635927e-06 2.77386374412103e-05
-22.777458 185.471787 -4.131238034957296e-06 3.9170222632445295e-05
-22.839554 199.027947 -2.3486746807688252e-06 2.798224080358125e-05
-22.908367 212.717416 -4.305719365479965e-06 4.955968696684909e-05
-22.984706 226.559454 -4.261372846564582e-06 5.4419417216067245e-05
-23.069528 240.576917 -4.6335122116242244e-06 6.441250478772531e-05
-9.867006 -233.527119 1.734551536090867e-06 6.530601308840644e-05
-9.832482 -219.600697 1.3275287298608607e-06 5.5885811371281235e-05
-9.80139 -205.837702 1.0968100058669772e-06 4.90874101656269e-05
-9.773351 -192.217245 8.8228809177332e-07 4.193556399423315e-05
-9.748057 -178.721569 8.768642499601409e-07 3.8206029628562455e-05
-9.725258 -165.33547 5.724135931674257e-07 2.849901467583127e-05
-9.704732 -152.045772 8.510871497800776e-07 2.869983454684144e-05
-9.686305 -138.840994 5.871178042002323e-07 2.0666912669664583e-05
-9.669851 -125.711051 6.313424300921633e-07 1.7477696442558255e-05
-9.655257 -112.646868 6.619813889101323e-07 1.4568242992507585e-05
-9.642446 -99.640193 4.804164412848533e-07 9.893629368484813e-06
-9.631358 -86.683298 6.956130289836882e-07 9.612147267801241e-06
-9.621915 -73.768842 4.835098244421188e-07 6.285439004993787e-06
-9.614104 -60.889844 3.9839057250010135e-07 4.141617337471981e-06
-9.607839 -48.039558 4.5011074066916845e-07 3.3840201769108624e-06
-9.603082 -35.21157 1.8323620921967265e-07 1.513267782915495e-06
-9.599802 -22.399705 6.888643320351884e-08 6.826219730443617e-07
-9.597967 -9.598051 2.1348632819884195e-08 2.8390442127421145e-07
-9.597583 3.199185 -1.2942727440831692e-07 7.231631076604073e-08
-9.598608 15.997761 -2.605046357066765e-07 1.8101488274968602e-07
-9.601075 28.803377 -3.7640938352692666e-07 6.542872938858357e-07
-9.605011 41.62191 -5.088152673568547e-07 1.5937371924679145e-06
-9.610453 54.459422 -7.030035008258328e-07 3.3957987535804257e-06
-9.617434 67.322212 -6.195911421182088e-07 3.7943848872623587e-06
-9.62601 80.216841 -8.72659266987208e-07 6.988562204407467e-06
-9.636231 93.150143 -7.860966116761403e-07 7.879119106657395e-06
-9.648143 106.129256 -9.473728258858893e-07 1.1406751865561393e-05
-9.66181 119.161679 -1.0034240923613436e-06 1.4376157220774566e-05
-9.67731 132.255351 -8.129123240489811e-07 1.4888642066002156e-05
-9.694719 145.418881 -1.120115555509893e-06 2.269338086785533e-05
-9.714165 158.661761 -1.006890571250002e-06 2.5506570165922948e-05
-9.73579 171.994694 -8.25430676233696e-07 2.7717288127560025e-05
-9.759791 185.429918 -1.0037926265679675e-06 3.785564510827566e-05
-9.786384 198.981553 -8.511468205935069e-08 2.7036160815230303e-05
-9.815862 212.665971 -7.451875056151136e-07 4.98831406212652e-05
-9.848564 226.502346 -4.221812153794302e-07 5.4262229064683254e-05
-9.884896 240.5134 -2.5577380444175013e-07 6.40974904901892e-05
3.288149 -233.515168 1.4969579122583315e-06 6.579009090612598e-05
3.276814 -219.589954 1.1363352967752594e-06 5.63450304068569e-05
3.266586 -205.828039 8.14484991822767e-07 5.00725073049324e-05
3.257336 -192.208539 6.274031058729063e-07 4.192314383977269e-05
3.248978 -178.713732 4.1044361592627865e-07 3.88023832781359e-05
3.241416 -165.328422 4.138370321808693e-07 2.8888910431845716e-05
3.234597 -152.03944 2.6095115756089027e-07 2.910258438271196e-05
3.228471 -138.835331 3.0161931310716816e-07 2.134279131738026e-05
3.222992 -125.706005 2.860246444743447e-07 1.775213361249195e-05
3.218132 -112.642423 2.6565792586238923e-07 1.4948313971419047e-05
3.213868 -99.636316 3.124295124539572e-07 1.0252653303066683e-05
3.210188 -86.679959 2.02753247843801e-07 9.73630104889045e-06
3.207059 -73.76604 2.1126481670324937e-07 6.6247085193371635e-06
3.204482 -60.887547 1.7290048377402445e-07 4.169944992082897e-06
3.202422 -48.037768 6.27317161012303e-08 3.549347455084062e-06
3.200861 -35.210262 7.64916545190758e-08 1.6297829876638081e-06
3.199795 -22.398866 3.941489488956673e-08 6.647772907431015e-07
3.199196 -9.597692 3.7941342841824044e-08 2.11256414830302e-07
3.199085 3.199097 1.8505193814799537e-07 1.4754190656718347e-07
3.199463 15.997224 -7.042590264953741e-08 -6.770478051115747e-08
3.20031 28.802354 -9.53011846504398e-08 5.046703422384446e-07
3.201634 41.620395 -8.473753444412924e-08 1.5439585988319404e-06
3.203446 54.457407 -3.279500815529801e-08 3.1104219931910038e-06
3.205763 67.319685 -2.5961888529615895e-08 3.628544543304857e-06
3.208604 80.213783 1.088619451822953e-07 6.826092733003275e-06
3.211982 93.146533 1.5703143235561157e-07 7.495973979143589e-06
3.215915 106.125083 3.298691715267199e-07 1.123393908347703e-05
3.220418 119.156914 5.009674906002876e-07 1.4039711674074251e-05
3.225522 132.249974 6.266454859980841e-07 1.4618982361824795e-05
3.231251 145.412855 9.527102419523009e-07 2.2572160526812546e-05
3.237634 158.655039 1.201318990911096e-06 2.4976668564713478e-05
3.24472 171.987219 1.5115547048333289e-06 2.754570195817596e-05
3.252587 185.421627 1.9586753409947533e-06 3.735511717384288e-05
3.261292 198.972357 2.1251747060746506e-06 2.6799507770958186e-05
3.270932 212.655766 2.890096575936668e-06 4.975208936275344e-05
3.281604 226.491007 3.4468292819909985e-06 5.404851865697946e-05
3.293443 240.500782 4.1770505891294135e-06 6.38097981728869e-05
16.445341 -233.551531 1.300038346023491e-06 6.572159579720793e-05
16.388073 -219.622729 9.187248382613866e-07 5.649029900101077e-05
16.336446 -205.857615 5.913746926392016e-07 4.8849732445899186e-05
16.289852 -192.235261 1.9387727102221364e-07 4.3775717065708264e-05
16.247776 -178.737865 -7.879412005501463e-08 3.88073723318616e-05
16.209818 -165.350194 1.3745088071892564e-07 2.959888076503603e-05
16.17562 -152.059041 -4.4954939721481013e-07 2.961296384490497e-05
16.144901 -138.852901 -1.8368946037849998e-08 2.1069846228571887e-05
16.117458 -125.721652 -1.8932574686464365e-07 1.847576371316606e-05
16.093122 -112.656237 -2.2989654031857487e-07 1.5226957151504017e-05
16.071769 -99.648355 1.462361061410622e-08 1.0447062875340585e-05
16.053291 -86.690285 -4.443799414555194e-07 1.0228645563881145e-05
16.037585 -73.774718 -1.607771090011978e-07 6.435587769332285e-06
16.024571 -60.894616 -1.9715723256763518e-07 4.637616443509129e-06
16.014164 -48.04329 -3.109272527987428e-07 3.424341612490167e-06
16.006292 -35.214275 -1.2617816031595952e-07 1.6289389470347526e-06
16.000873 -22.401416 -2.0340855893391518e-07 8.903664035497805e-07
15.99786 -9.598782 -1.282491361720428e-07 2.832276004352541e-07
15.997253 3.199453 -1.583254134601697e-07 -3.9166394323955633e-08
15.999015 15.999005 7.180956920760373e-08 1.0306144826444097e-07
16.003167 28.805592 1.0930810784293143e-07 5.360616906202598e-07
16.009755 41.625118 1.5293368069851931e-07 1.1627837218919357e-06
16.018834 54.463654 6.091354543547034e-07 3.262143962762254e-06
16.030474 67.327497 4.600175202984502e-07 3.4722509276441382e-06
16.044744 80.22321 9.764356919267358e-07 6.471452929590615e-06
16.061738 93.15763 1.1105663385996278e-06 7.843343482527576e-06
16.081542 106.1379 1.5133727528787722e-06 1.0850091732961253e-05
16.104253 119.171516 1.923667781775218e-06 1.4099157895242076e-05
16.129979 132.266437 1.9957320795960243e-06 1.4476669273844056e-05
16.158866 145.431271 2.939162993667588e-06 2.1882489145086392e-05
16.191119 158.675544 3.4187877349586837e-06 2.554412722632904e-05
16.226968 172.009981 3.7541716624983623e-06 2.7099640323102747e-05
16.266736 185.446849 4.95119634633806e-06 3.7822815911359164e-05
16.310798 199.000293 4.3355454421994954e-06 2.6663613472366343e-05
16.359615 212.68671 6.539493405087471e-06 4.9213464826891595e-05
16.413745 226.525332 7.355135319346562e-06 5.3831375479096444e-05
16.473883 240.538953 8.578238693532358e-06 6.375792239909917e-05
29.612798 -233.636539 1.1864818166007485e-06 6.499637402623826e-05
29.509122 -219.699267 7.368508702226828e-07 5.626749599441094e-05
29.41571 -205.926661 6.616096040606978e-07 4.643596715292464e-05
29.331435 -192.297592 -8.970343581549134e-07 4.804154815507555e-05
29.255356 -178.794124 -4.826957537562571e-07 3.7998620301959996e-05
29.186742 -165.400925 -3.490889666502017e-07 3.092395985770935e-05
29.124955 -152.104671 -1.076683381923127e-06 2.9366863282032085e-05
29.069489 -138.893786 -1.849141939430643e-07 2.0163871214951e-05
29.019932 -125.758063 -9.512751080048565e-07 1.9704405749998433e-05
28.975997 -112.688373 -7.375616292576437e-07 1.5106800983821778e-05
28.93743 -99.676387 -4.384502130944101e-07 1.089361194561711e-05
28.904027 -86.714358 -1.0733728624812144e-06 1.0310218664932869e-05
28.875635 -73.794939 -3.896831131389167e-07 6.137237901798764e-06
28.852092 -60.911119 -9.19212951547288e-07 5.518500685475214e-06
28.833261 -48.05617 -3.503049314235174e-07 2.8780758907498427e-06
28.818999 -35.223645 -8.75781309611634e-07 2.394538753655584e-06
28.809184 -22.407361 -3.5664406493329803e-07 9.580782403123544e-07
28.803732 -9.601349 -4.538949982813012e-07 4.793824733527463e-07
28.802598 3.200235 -2.5721168821213336e-07 1.3911460879263704e-07
28.805768 16.003131 -1.3451969080313653e-08 2.2199464971839333e-07
28.813275 28.813122 3.894401728876673e-07 8.673428207317535e-07
28.825188 41.636116 3.9296052066484233e-07 1.4002111563826691e-06
28.841606 54.478206 9.958443299151742e-07 3.076521208594807e-06
28.862652 67.345705 1.0730376685530452e-06 4.009835211232771e-06
28.88846 80.245186 1.381914864428957e-06 5.509190013353038e-06
28.919176 93.183495 2.244306569962329e-06 8.839198255172764e-06
28.954962 106.167777 2.47161380086125e-06 1.035869923926569e-05
28.99599 119.205551 3.3261607459561526e-06 1.4250481684907612e-05
29.042478 132.304816 3.438164671909494e-06 1.5061584768882863e-05
29.094698 145.474238 4.512774981410561e-06 2.0250167287905185e-05
29.153004 158.7234 5.76316462505555e-06 2.6779713131586114e-05
29.217832 172.063115 5.867718411503575e-06 2.670382620517664e-05
29.289757 185.505749 8.051136010170379e-06 3.883992673159309e-05
29.369493 199.065554 6.757028782194974e-06 2.84636060252641e-05
29.457857 212.759059 1.0011728307293688e-05 4.826644021027615e-05
29.555898 226.605633 1.1114697521713568e-05 5.350211546584216e-05
29.664841 240.628255 1.2822051733682449e-05 6.325090143621814e-05
42.798878 -233.770894 1.2382268694821619e-06 6.363200917880452e-05
42.647937 -219.8202 5.040989117799377e-07 5.621371266795183e-05
42.511984 -206.035688 6.91874299185713e-07 4.579812607119482e-05
42.389398 -192.395966 -2.955796282871903e-06 5.424571684531365e-05
42.278808 -178.882891 -5.736625747210233e-07 3.62840981660284e-05
42.179099 -165.480927 -1.3392722304217397e-06 3.323077171923927e-05
42.089352 -152.176615 -1.3148783216954119e-06 2.76697947769744e-05
42.008805 -138.958227 -6.474924265087445e-07 2.0789317848490807e-05
41.936873 -125.815436 -2.0560252167456383e-06 2.1100517176686484e-05
41.87309 -112.739017 -1.1660185624817743e-06 1.4858368143855216e-05
41.817088 -99.720581 -1.3782614952662087e-06 1.2332064754982941e-05
41.768576 -86.752314 -1.244190469013029e-06 9.414647083982874e-06
41.727312 -73.826848 -1.5409933976084922e-06 7.72268017976141e-06
41.693085 -60.937166 -1.3670200052218195e-06 5.486097394397094e-06
41.665669 -48.07652 -1.1556263131984323e-06 3.6674916118473178e-06
41.644892 -35.238458 -7.090796372011265e-07 2.0748492519928607e-06
41.630593 -22.416762 -1.3426684011830226e-06 1.6249655149930264e-06
41.622643 -9.605419 -6.916456338490473e-07 7.645729299989024e-07
41.620985 3.201453 -2.960723324563208e-07 4.808184703702229e-07
41.625596 16.009654 -3.2791001824961086e-07 4.691890553298883e-07
41.636526 28.825016 1.2157391721112631e-07 9.310183589489318e-07
41.653868 41.653486 1.1658772570144471e-06 2.358072772573605e-06
41.677757 54.501182 7.914846303636036e-07 2.5953135599499078e-06
41.708364 67.374442 2.164063272441785e-06 5.3893879757849206e-06
41.745875 80.279853 1.6946122666783303e-06 5.363481389714098e-06
41.790499 93.224275 3.4268150647664974e-06 9.773091007303503e-06
41.842467 106.214879 3.4825069224198035e-06 1.0748268054527887e-05
41.902043 119.259214 4.4090715393685365e-06 1.3935177486545935e-05
41.969541 132.365333 5.487297009471037e-06 1.774734434012437e-05
42.04538 145.541995 5.6020204794449135e-06 1.8479538931803763e-05
42.13007 158.798887 8.119402553574684e-06 2.7731786076290454e-05
42.224288 172.146969 8.08489184098149e-06 2.7435859311975008e-05
42.328884 185.598748 1.0861494030039998e-05 3.8803756162830716e-05
42.444857 199.168637 1.0233923999986017e-05 3.48272275778605e-05
42.57346 212.873368 1.3304627929533464e-05 4.799612146499932e-05
42.716186 226.732555 1.4773818712399134e-05 5.3513571266927684e-05
42.874843 240.769434 1.654279468327191e-05 6.0454316128333296e-05
56.012178 -233.955749 1.2878863552834297e-06 6.301561033994485e-05
55.812681 -219.986495 -5.1710722925868424e-08 5.767964561120831e-05
55.633126 -206.185538 -1.548502022719056e-07 4.860427710406956e-05
55.471305 -192.531105 -4.952953122805415e-06 5.717366010693503e-05
55.325399 -179.004752 -4.219930183624321e-07 3.45940343892126e-05
55.193936 -165.590704 -2.7602416589889156e-06 3.56812813551155e-05
55.075663 -152.275285 -1.2727731354134075e-06 2.597611747218176e-05
54.969578 -139.046577 -2.6695873243109958e-06 2.493646539264427e-05
54.874866 -125.89409 -2.543525114528933e-06 2.036952180783924e-05
54.790881 -112.808451 -2.1514461566174425e-06 1.5897194796665737e-05
54.717138 -99.781172 -2.421105630340259e-06 1.3305534315943834e-05
54.653246 -86.804376 -1.474371264159613e-06 9.065918565642761e-06
54.598871 -73.870647 -2.645261992895165e-06 8.517890688591878e-06
54.55371 -60.972952 -1.556644131400775e-06 5.349832081141814e-06
54.517527 -48.104505 -2.0855240640549333e-06 4.34948384156475e-06
54.49008 -35.258844 -1.7294719109606227e-06 2.856651711874436e-06
54.471173 -22.42971 -7.431820133463329e-07 1.565219772972637e-06
54.460663 -9.611032 -4.663528001269679e-07 1.1023026231897493e-06
54.458463 3.203125 -1.7700026755385068e-07 9.69785835087944e-07
54.46456 16.018632 4.415482768027612e-07 1.2417799640090932e-06
54.479002 28.841374 5.983643352469592e-07 1.7228224845483586e-06
54.501907 41.67736 3.375674836603171e-07 2.0325696409306815e-06
54.533441 54.532746 1.9155497263112498e-06 4.082085828333026e-06
54.57381 67.413897 1.471508179334835e-06 4.339262749564199e-06
54.623258 80.327424 3.1850619082174347e-06 7.474248759881119e-06
54.682049 93.280207 3.77840491089243e-06 9.353533775013911e-06
54.750486 106.279462 4.9809076069495806e-06 1.2442048107852433e-05
54.828927 119.332784 4.964530800816158e-06 1.3170808207063622e-05
54.917806 132.448315 8.022290782616626e-06 2.0930349923009572e-05
55.017689 145.634929 7.543913281754522e-06 2.037121688575061e-05
55.129293 158.90248 9.91998289703866e-06 2.735895568084512e-05
55.253513 172.262096 1.0958714138115111e-05 3.064675845831921e-05
55.391465 185.726497 1.2183728138132066e-05 3.418218217332569e-05
55.544555 199.310308 1.5311215504659748e-05 4.4610548740275924e-05
55.714394 213.030547 1.6997652624112236e-05 4.9971453269681554e-05
55.902994 226.907162 1.875883513732801e-05 5.5539673661009203e-05
56.112757 240.963743 1.8266387182080956e-05 5.1286680254558625e-05
69.261722 -234.192711 -5.762363702865869e-08 6.728370160602459e-05
69.01195 -220.199541 -1.0324874548939267e-06 5.976447939315399e-05
68.787295 -206.377387 -1.3091276334920021e-06 5.125356855884e-05
68.584982 -192.704015 -3.3406494959753452e-06 4.880844862786837e-05
68.402701 -179.160572 -1.7831382533861628e-06 3.73382634324404e-05
68.238562 -165.730985 -3.3991144498812798e-06 3.522302515557296e-05
68.091002 -152.401302 -2.2284881947276514e-06 2.705356725934971e-05
67.958716 -139.159355 -4.05941112693875e-06 2.6215548776853392e-05
67.84067 -125.994452 -1.731064704135754e-06 1.7566520919887196e-05
67.736031 -112.897048 -4.096759759320001e-06 1.818444430556898e-05
67.644153 -99.858502 -2.654030575227617e-06 1.2758198295437229e-05
67.564527 -86.870843 -3.2458531491752485e-06 1.0903798665251596e-05
67.496716 -73.926612 -2.11931290691747e-06 7.415377408503954e-06
67.440375 -61.018702 -3.5607043925300896e-06 7.020120517370332e-06
67.395187 -48.140323 -2.275313928046252e-06 4.441182831355084e-06
67.360879 -35.284951 -1.81927836584439e-06 3.0761645493648793e-06
67.337238 -22.446295 -2.4622697116227776e-06 2.5329050816896848e-06
67.324086 -9.618225 -2.0250156250178897e-06 1.8440214087679652e-06
67.321334 3.205266 -1.494019566394833e-06 1.525389706040492e-06
67.328956 16.030131 -1.0602214926824782e-06 1.534176626523387e-06
67.347013 28.862322 -5.302993946743051e-08 2.1087710721789943e-06
67.375638 41.707913 1.6738931240545263e-06 3.5773255132598436e-06
67.415021 54.573105 8.453246906348078e-07 3.673543216786701e-06
67.465401 67.46431 2.547969211424972e-06 5.943890924897666e-06
67.527065 80.388169 4.0736465118096366e-06 8.562981142962167e-06
67.600347 93.351601 4.380348094495945e-06 9.960488924098954e-06
67.685622 106.361874 5.664909907360238e-06 1.2768597055845543e-05
67.783356 119.426665 6.564878229753379e-06 1.5137809245002742e-05
67.894117 132.554234 8.002412554941607e-06 1.855217686042021e-05
68.01864 145.753606 1.075530756108889e-05 2.4969109360006847e-05
68.157848 159.034833 1.0859089690617996e-05 2.5786663855553726e-05
68.312899 172.409285 1.476707869210725e-05 3.560969472038433e-05
68.485232 185.88992 1.1477104513490932e-05 2.6757856932513313e-05
68.676582 199.49167 1.9515335631992148e-05 4.8888089623333464e-05
68.889029 213.231878 2.0894536873927727e-05 5.269128321705452e-05
69.125111 227.130968 2.3479893918681993e-05 6.0127513347607575e-05
82.254792 -220.461185 -9.323143816408752e-07 5.8247659703192234e-05
81.983119 -206.612796 -1.3334630966088667e-06 5.012666740256133e-05
81.738676 -192.916018 -6.501560691485331e-07 4.050818635648046e-05
81.518602 -179.351491 -7.413482791263082e-06 4.8716110123137035e-05
81.320613 -165.902731 -2.4061670831354576e-06 3.159481459302782e-05
81.14275 -152.555464 -4.771136068781878e-06 3.0826695875729726e-05
80.983423 -139.297237 -3.0084140689723426e-06 2.292350333921167e-05
80.841337 -126.1171 -4.99731942638082e-06 2.2065659723402575e-05
80.715451 -113.005286 -3.906864161240531e-06 1.6789180821208394e-05
80.604933 -99.952981 -4.592592227292691e-06 1.4578056700742525e-05
80.509137 -86.952088 -3.6285024344051564e-06 1.0812634384405051e-05
80.427534 -73.995048 -3.946035398549874e-06 8.96666903557608e-06
80.359696 -61.074689 -2.6101204660955446e-06 6.0903950622193115e-06
80.305248 -48.184189 -3.6927453183621672e-06 5.453964084023433e-06
80.263884 -35.316952 -4.0481190832220015e-06 4.407053455723897e-06
80.235356 -22.466636 -2.4002746181195356e-06 2.9663493503473415e-06
80.219481 -9.627054 -1.187071882458035e-06 2.3747100173117375e-06
80.216154 3.207893 -5.19306473656389e-07 2.3265154347629907e-06
80.225351 16.044225 -1.623364075942213e-07 2.601365223696417e-06
80.247135 28.887995 -5.293713961074253e-07 2.8425628124384428e-06
80.281649 41.745332 -2.0028044112052612e-07 3.4006429849575692e-06
80.329104 54.622503 2.268373171160354e-06 5.5500957703291665e-06
80.389775 67.525969 3.581767526877888e-06 7.4930216309720965e-06
80.463991 80.462419 3.6672021163086654e-06 8.551302821152573e-06
80.552151 93.438837 5.670041543365256e-06 1.172336276344943e-05
80.654727 106.462563 5.387421237817991e-06 1.2308251603587728e-05
80.772293 119.54138 9.823234594780184e-06 1.9532601600480426e-05
80.905579 132.683702 8.90808044343161e-06 1.9082084450006143e-05
81.055511 145.898754 1.2636621981448881e-05 2.63414217679947e-05
81.223258 159.196826 1.2860919802543114e-05 2.7545529040440275e-05
81.410232 172.589571 1.739813773379839e-05 3.725510974694757e-05
81.618234 186.090249 1.5391122198116225e-05 3.3022863031084704e-05
81.849363 199.714154 2.1401306813717547e-05 4.700187935247069e-05
82.106189 213.479067 2.3771515585385705e-05 5.274658367537821e-05
82.391821 227.405952 2.771474298129961e-05 6.276093244850234e-05
95.550881 -220.77374 -1.8311048249897155e-07 5.5831572982056876e-05
95.229785 -206.893768 -2.372022744168145e-06 5.165323772704511e-05
94.941145 -193.168826 -2.804819890234178e-06 4.4509614512633355e-05
94.681532 -179.578962 -7.783004193850918e-06 4.704237162489466e-05
94.44817 -166.107183 -3.056507225596139e-06 3.201838431654558e-05
94.23873 -152.738828 -5.639136863244687e-06 3.0967471181198025e-05
94.051292 -139.46111 -4.445154003218654e-06 2.430871562508763e-05
93.884262 -126.262768 -5.464818125633375e-06 2.1628151725239242e-05
93.736367 -113.133788 -4.506868714171386e-06 1.6855241783020336e-05
93.606585 -100.065133 -5.85732459673638e-06 1.531231979884362e-05
93.4941 -87.048539 -5.4381849937112925e-06 1.2222119454674552e-05
93.398272 -74.076317 -4.314500157087675e-06 9.089807157608432e-06
93.318579 -61.141222 -5.020295209490211e-06 7.83677796797888e-06
93.254584 -48.236339 -3.3256666243652866e-06 5.480995794227006e-06
93.205946 -35.355022 -2.7375550561981044e-06 4.28198346098807e-06
93.172378 -22.490855 -3.025960472358147e-06 3.751610141558559e-06
93.153687 -9.637569 -3.058105080111506e-06 3.369407146690956e-06
93.149764 3.211011 -2.47990179852442e-06 3.1829067011508033e-06
93.160586 16.061003 -1.2847506254964891e-06 3.4112668242519684e-06
93.186214 28.91854 4.4317173014674083e-07 4.243931182854044e-06
93.226798 41.789823 1.982335300854121e-06 5.555392359940514e-06
93.282575 54.681205 2.0402211249326285e-06 6.430587380090724e-06
93.353854 67.599202 2.9991716004040825e-06 7.96433757141446e-06
93.441014 80.550578 4.988573293118748e-06 1.0570438182089248e-05
93.544524 93.542384 4.617632067605015e-06 1.1251800394407319e-05
93.664962 106.582081 9.378065211618214e-06 1.7439858738366176e-05
93.803042 119.67759 7.727055480133416e-06 1.6515406586314896e-05
93.959678 132.837526 1.2932008125077221e-05 2.4513663888281467e-05
94.136007 146.071342 1.2395073867965678e-05 2.4693368118944292e-05
94.333462 159.389605 1.7616129883490927e-05 3.412106282868477e-05
94.553764 172.804303 1.3792575441262667e-05 2.7819795579087092e-05
94.799052 186.32906 2.3759226972341896e-05 4.703923018234413e-05
95.071854 199.979597 2.5108165381038106e-05 5.016133159996272e-05
95.375293 213.774268 2.7490895328996512e-05 5.5355803998513586e-05
95.713087 227.734596 2.6663905624779716e-05 5.2965419193307106e-05
108.910802 -221.140079 -5.636516537732561e-06 6.643225079216997e-05
108.53732 -207.222813 -3.240518383296198e-06 5.240777398018981e-05
108.201927 -193.464569 -3.2552591312517976e-06 4.436720710920827e-05
107.900597 -179.844803 -2.0764222950497846e-06 3.549631665700215e-05
107.630001 -166.3459 -1.2003263567039735e-05 4.499845429717375e-05
107.387375 -152.952718 -3.525385513070134e-06 2.67248109587781e-05
107.170452 -139.65209 -7.951409814022092e-06 2.8046639189094336e-05
106.977324 -126.432396 -4.893202035338717e-06 2.0125566586759458e-05
106.806472 -113.283326 -7.601541241408771e-06 1.9600945854236773e-05
106.656624 -100.195593 -5.137254129039537e-06 1.4129269869433969e-05
106.526815 -87.160719 -6.626836227485722e-06 1.2905856711153962e-05
106.416239 -74.170856 -6.995999262127128e-06 1.0960820123001591e-05
106.324262 -61.21864 -4.990282691852421e-06 7.965428620748671e-06
106.250391 -48.29705 -5.044659808550733e-06 6.696372411574281e-06
106.194227 -35.399361 -5.21018552801511e-06 5.730982329046896e-06
106.155449 -22.519075 -4.005580666877062e-06 4.7432512998574206e-06
106.13385 -9.649826 -2.718981932992026e-06 4.271188716428037e-06
106.129313 3.214642 -1.7790880973977963e-06 4.29241324383621e-06
106.141808 16.080549 -1.1746410966129162e-06 4.619679422529499e-06
106.171405 28.954107 -8.03867335197328e-07 5.1601911000426215e-06
106.218267 41.841616 3.2620622164580837e-07 6.167291314029821e-06
106.282652 54.749508 2.628999930032183e-06 8.06468823061346e-06
106.364902 67.684383 3.450334060239868e-06 9.557323072728607e-06
106.465471 80.653098 3.352321079563847e-06 1.0480253081812663e-05
106.584911 93.662816 8.711038618713918e-06 1.6051150123042035e-05
106.723929 106.72113 6.966135476293989e-06 1.5620712855879404e-05
106.883395 119.836156 1.1996619100618222e-05 2.210164373989132e-05
107.064421 133.016722 1.2734247534063048e-05 2.4174397432297212e-05
107.268399 146.272575 1.553003127713337e-05 2.891268718141493e-05
107.497035 159.614612 1.867186291848455e-05 3.447064521411303e-05
107.752388 173.055174 1.8148188394573328e-05 3.432738678998959e-05
108.036982 186.608327 2.4906104597433032e-05 4.609085165863114e-05
108.353854 200.290323 2.792961490638568e-05 5.2036742420269455e-05
108.706679 214.120179 3.278353679209145e-05 6.165119593226631e-05
121.916661 -207.602958 -1.937771614390904e-06 4.921654735168257e-05
121.531373 -193.805878 -4.842649915293151e-06 4.61059879466319e-05
121.185638 -180.151255 -5.4121314915223095e-06 3.992595459534343e-05
120.875497 -166.620799 -6.527635046826852e-06 3.5406677724614255e-05
120.597727 -153.198785 -1.0208032844682968e-05 3.468239686671426e-05
120.349634 -139.871567 -5.622885844158709e-06 2.4292985004781276e-05
120.128999 -126.627153 -9.384069300732989e-06 2.4351139220835094e-05
119.933968 -113.45488 -5.8717450555634265e-06 1.7367707959736745e-05
119.763089 -100.345162 -8.589320423302294e-06 1.6818593826906092e-05
119.615137 -87.28928 -7.407401896142307e-06 1.3319357550722888e-05
119.489157 -74.279187 -5.561565753431363e-06 1.009454424893974e-05
119.384386 -61.307354 -8.564462359861302e-06 1.0157982683889344e-05
119.300247 -48.366635 -7.06195562544254e-06 8.042422830228935e-06
119.236264 -35.450197 -5.216595308721317e-06 6.447529514702621e-06
119.192079 -22.551439 -4.098785748529732e-06 5.699485422838713e-06
119.167469 -9.663889 -3.345809820309853e-06 5.430958131016211e-06
119.16229 3.218803 -2.4242802617591153e-06 5.521769675798441e-06
119.176519 16.102952 -1.2266436493768573e-06 5.990755747732612e-06
119.210229 28.994872 -8.05851555485404e-08 6.841975311769333e-06
119.263604 41.900972 4.87227639733856e-07 7.791943900076204e-06
119.33693 54.827771 4.715804169941329e-07 8.620011450910514e-06
119.430609 67.781985 3.058372172959345e-06 1.0891199062279533e-05
119.545158 80.770576 7.953499730151137e-06 1.521424024902851e-05
119.681251 93.800851 5.282765042746718e-06 1.4567426744604983e-05
119.839735 106.88059 1.1100133851138505e-05 2.0699635685073048e-05
120.021675 120.01813 1.2225165246237957e-05 2.3153246876406186e-05
120.228403 133.222566 1.3688460886784881e-05 2.5945798214799254e-05
120.461573 146.503976 2.0171644642075215e-05 3.479911508802447e-05
120.723211 159.873617 1.2841433586319173e-05 2.6408396600008377e-05
121.015754 173.344243 2.6674476883370435e-05 4.6304524969342786e-05
121.342134 186.930477 2.8554961870985718e-05 5.0087158045664104e-05
121.705967 200.649173 3.123530325382928e-05 5.51591506295912e-05
122.111527 214.520046 3.0057022988694282e-05 5.342136090180638e-05
134.940977 -194.195963 -4.395197420070662e-06 4.462639688429526e-05
134.547541 -180.501069 -5.269938064322854e-06 3.8959979611785656e-05
134.195073 -166.934233 -5.818470393048614e-06 3.367934299858266e-05
133.879752 -153.479038 -1.208671098223979e-05 3.568274292997664e-05
133.598433 -140.121276 -9.673749582495006e-06 2.8087665782661198e-05
133.34852 -126.848502 -7.110267347509858e-06 2.1484653611680837e-05
133.127846 -113.649666 -1.0926363246455129e-05 2.1473625687273845e-05
132.934675 -100.514851 -7.284394573148223e-06 1.558547335478444e-05
132.767555 -87.435046 -7.914759492189116e-06 1.371598174176869e-05
132.625356 -74.401961 -1.083515190519746e-05 1.3408345154369838e-05
132.507156 -61.407869 -6.158514131937576e-06 9.394445301097454e-06
132.412249 -48.445474 -5.382748438531593e-06 8.063905020783135e-06
132.340075 -35.507803 -7.553424427264588e-06 8.003512968673965e-06
132.290246 -22.588112 -7.813038048753995e-06 7.447123338957806e-06
132.262486 -9.679831 -6.841959171388634e-06 6.973700830689017e-06
132.25664 3.223508 -5.696151955614237e-06 6.878735227222946e-06
132.272682 16.128325 -4.5602492103058445e-06 7.1617268534440726e-06
132.310686 29.04105 -2.830791024976964e-06 7.928542191254495e-06
132.370869 41.968209 8.770677103475677e-07 9.700691479014312e-06
132.453559 54.916432 4.948745274513389e-06 1.2379262933653878e-05
132.559226 67.892571 3.335437868012825e-06 1.2898396466731743e-05
132.688491 80.903733 4.485077504945423e-06 1.4734356372669843e-05
132.842147 93.95739 1.0416451578398878e-05 2.010982706690534e-05
133.02122 107.06157 1.0431824326473382e-05 2.1618712340465418e-05
133.226983 120.224853 1.242144015578539e-05 2.4674774904864805e-05
133.461035 133.456657 1.9612717297834426e-05 3.306154253374105e-05
133.725313 146.767402 1.1215557070343163e-05 2.5441018584149155e-05
134.022184 160.168786 2.6312569513964323e-05 4.389088537459784e-05
134.354492 173.674075 2.7233816358940288e-05 4.644294189182219e-05
134.725706 187.298467 2.994447536019962e-05 5.1137266484979627e-05
135.140031 201.059592 3.586025184448838e-05 6.064996096433184e-05
148.443578 -194.638673 -7.228319047869469e-06 4.782113529699927e-05
147.998518 -180.8976 -7.244041327236772e-06 4.084858262165536e-05
147.600312 -167.289068 -6.5996625838726786e-06 3.4048243764961406e-05
147.244522 -153.795928 -6.324787063860526e-06 2.8625761003930883e-05
146.927472 -140.40332 -1.4818116053139097e-05 3.2407504363896056e-05
146.646137 -127.098241 -1.2016517008606176e-05 2.5519241429017292e-05
146.39799 -113.869214 -7.324837094258019e-06 1.8332720569502747e-05
146.180987 -100.705923 -1.2076891259538147e-05 1.8987383641533295e-05
145.993426 -87.599047 -9.952131411583576e-06 1.5191966433292237e-05
145.833969 -74.540005 -7.208626908505877e-06 1.1840252978345678e-05
145.701506 -61.520839 -8.799951033089393e-06 1.1206406958619297e-05
145.595191 -48.534058 -1.105522158378891e-05 1.0879512947342684e-05
145.514379 -35.572509 -9.131890520819308e-06 9.43002517804492e-06
145.458592 -22.629305 -5.7870491895206655e-06 8.365039730062751e-06
145.42751 -9.697739 -3.442884706716942e-06 8.187159343458345e-06
145.420963 3.228788 -2.0023238152533374e-06 8.585866130545947e-06
145.438902 16.156812 -1.2554755016158659e-06 9.346986945428515e-06
145.481444 29.092912 -1.6015067162422625e-06 1.0124779253911642e-05
145.548817 42.043732 -2.2017557104181407e-06 1.081588985354931e-05
145.641413 55.016051 7.242428670117818e-07 1.2751215085454737e-05
145.759791 68.016868 6.2288749501648866e-06 1.6391204658572356e-05
145.904688 81.05348 8.356863307856788e-06 1.9076514203464345e-05
146.077064 94.133582 7.3435278993838615e-06 2.004375297193217e-05
146.278134 107.265455 1.2043523362148534e-05 2.475642745930484e-05
146.50941 120.457979 1.8278353510314815e-05 3.134900019929887e-05
146.772757 133.720926 9.11681005599796e-06 2.4751039342130188e-05
147.070452 147.065144 2.487942520862374e-05 4.111972302184297e-05
147.405257 160.502781 2.593130394012988e-05 4.4004715499035285e-05
147.780499 174.047741 2.9602867972766678e-05 4.962313936829332e-05
148.200224 187.715917 3.573723888267155e-05 5.85254079501496e-05
161.552326 -181.344876 -6.318671816107901e-06 3.934204424249632e-05
161.104261 -167.688792 -9.192017785264461e-06 3.647556136610053e-05
160.704468 -154.152451 -7.982281266527558e-06 3.006461663412896e-05
160.348671 -140.720249 -7.825146789153248e-06 2.553583125508574e-05
160.033295 -127.378568 -1.3649205469534742e-05 2.6568760251033385e-05
159.755471 -114.115379 -1.7934399517249844e-05 2.608643555024326e-05
159.512756 -100.919954 -7.2665036139341055e-06 1.6026525241963352e-05
159.303182 -87.782582 -1.0537341801897249e-05 1.58881639337749e-05
159.125153 -74.694374 -1.3111078127070463e-05 1.5317463815139876e-05
158.977376 -61.647097 -1.0354244833643556e-05 1.2670979898571355e-05
158.858857 -48.633006 -7.324325821067568e-06 1.0705062429117174e-05
158.768807 -35.644757 -6.059577768779967e-06 9.939938498668144e-06
158.706657 -22.675297 -5.763434974825898e-06 9.830889449044533e-06
158.672035 -9.71774 -5.39716763692244e-06 9.982844625597287e-06
158.664737 3.234662 -4.216730711215089e-06 1.0395191348688479e-05
158.684712 16.188611 -2.0660173042919006e-06 1.123463014849474e-05
158.732084 29.150815 6.215002315568263e-07 1.263970829154526e-05
158.807142 42.128068 2.8651123403777845e-06 1.4456790913774942e-05
158.910347 55.127335 3.6630855403396723e-06 1.6152353777942885e-05
159.04236 68.155808 3.120512802656794e-06 1.7368712784709972e-05
159.204053 81.221 5.79026414854189e-06 2.0059420499818348e-05
159.396578 94.330857 1.3126757858139548e-05 2.5884798595776637e-05
159.621368 107.49396 1.410774288279626e-05 2.836422971347341e-05
159.880208 120.71953 6.525711901128606e-06 2.436224547325283e-05
160.17526 134.017757 2.4320745785233466e-05 4.005039104487684e-05
160.509177 147.399943 2.460988240698958e-05 4.227219521552028e-05
160.885186 160.878831 2.8702788088919018e-05 4.805676138625037e-05
161.307189 174.469013 3.420253738900536e-05 5.5552904962952177e-05
174.72191 -168.137585 -7.50353379386226e-06 3.438364456453957e-05
174.273816 -154.552206 -1.0633592943287695e-05 3.224296900178336e-05
173.875577 -141.075161 -9.169194149394322e-06 2.6632639389456703e-05
173.523053 -127.6921 -1.0450432776254459e-05 2.3955132388731037e-05
173.212845 -114.390407 -8.76566544250057e-06 1.9759897354088007e-05
172.942129 -101.158831 -2.3018627958615312e-05 2.572523838612062e-05
172.70861 -87.987237 -1.3913764658868288e-05 1.8152793358705566e-05
172.510424 -74.866355 -7.404309747105486e-06 1.3477235915049235e-05
172.346037 -61.787653 -9.598397060384123e-06 1.3357559402044084e-05
172.214289 -48.743105 -1.1986564036337022e-05 1.3277425251340125e-05
172.114238 -35.725124 -1.2080251632906602e-05 1.2672446584802155e-05
172.04521 -22.72644 -1.0359194477893574e-05 1.2112674405470591e-05
172.006776 -9.739974 -8.378395429997632e-06 1.2002697810292728e-05
171.998666 3.241191 -6.681808064734618e-06 1.2405753099485606e-05
172.020841 16.223949 -5.3868607803320145e-06 1.3147731590439082e-05
172.073441 29.215187 -4.187059750804245e-06 1.4169846620309956e-05
172.156804 42.221867 -1.97802086965293e-06 1.57501429099427e-05
172.271498 55.251189 2.538841442412121e-06 1.8370792877087094e-05
172.418292 68.310541 8.689861778599095e-06 2.2318972741658394e-05
172.598239 81.407713 1.1343959482101873e-05 2.5465762705789707e-05
172.812675 94.55094 2.7900016489335044e-06 2.280704976365122e-05
173.063296 107.749134 1.0060653467758307e-05 2.8490655226087735e-05
173.352161 121.011935 2.2613821345829344e-05 3.871057759013974e-05
173.681828 134.349974 2.3214014834960217e-05 4.13518349743347e-05
174.055392 147.775128 2.664237454741425e-05 4.6224596759181225e-05
174.476592 161.300833 3.2710688853243575e-05 5.367396997307816e-05
174.949885 174.942337 2.634726534134213e-05 4.921233399135527e-05
187.968875 -154.999557 -1.0204891432996632e-05 3.1696703251316016e-05
187.523754 -141.471797 -1.0997860774741852e-05 2.8081547082059455e-05
187.130246 -128.042061 -1.108343535316525e-05 2.4570992684824766e-05
186.784406 -114.697041 -1.1734183391842734e-05 2.2042236832053863e-05
186.482943 -101.424879 -8.921398125805169e-06 1.8090403718140635e-05
186.223164 -88.214945 -1.222876529805017e-05 1.79522771838192e-05
186.002864 -75.057568 -2.3946062990498618e-05 2.12489913662961e-05
185.820309 -61.943798 -1.8786309888274566e-05 1.7596813838449687e-05
185.674085 -48.865342 -9.383039186405817e-06 1.395291873307336e-05
185.563102 -35.814305 -5.599990405058541e-06 1.300468540541e-05
185.48657 -22.783167 -4.558402906917891e-06 1.3203893169611014e-05
185.443958 -9.764643 -3.7294450166980297e-06 1.3827286296251573e-05
185.43497 3.248434 -2.202079951940661e-06 1.4750004751604498e-05
185.459554 16.263146 1.3535044440793342e-07 1.6104218734623588e-05
185.517867 29.286607 2.882443584928396e-06 1.7930655662787287e-05
185.610325 42.326 4.443843605317355e-06 1.9989944656573222e-05
185.73758 55.388739 1.2835271775424317e-06 2.0881412107542907e-05
185.900574 68.482516 -4.844319284158516e-06 2.0197187917847526e-05
186.100519 81.615393 2.603009731982908e-06 2.454687223232832e-05
186.338988 94.795963 1.7624911494484863e-05 3.3693327012696006e-05
186.617971 108.033511 1.751164248853243e-05 3.601477491904648e-05
186.939877 121.338151 2.222501440352076e-05 4.1217327609976984e-05
187.307689 134.721069 2.3774894126749047e-05 4.4558443898834454e-05
187.725003 148.194793 3.152235554459981e-05 5.268764840449247e-05
201.311207 -141.914664 -1.7843964098207543e-05 3.307491057574774e-05
200.872173 -128.432335 -9.83538743903889e-06 2.4095232814658196e-05
200.486753 -115.038576 -1.3768913023293194e-05 2.3701147712607007e-05
200.151188 -101.720887 -1.1208236280757511e-05 2.0049352573381363e-05
199.862319 -88.468068 -1.2407827060467724e-05 1.897829719521571e-05
199.617612 -75.269905 -9.74196079284173e-06 1.6654675056321233e-05
199.414976 -62.117082 -7.240761093596504e-06 1.5166137525224332e-05
199.252775 -49.000908 -1.3298553733109841e-05 1.6508032111534066e-05
199.129721 -35.913177 -1.981171692333472e-05 1.7476857191695006e-05
199.04491 -22.846053 -2.172144680079313e-05 1.7307045554929013e-05
198.997709 -9.791971 -2.039380644724975e-05 1.6938564661124478e-05
198.987763 3.256473 -1.8478329322557663e-05 1.693031656160686e-05
199.015002 16.306593 -1.65821817044165e-05 1.737542937539638e-05
199.079627 29.365759 -1.2901329397907446e-05 1.845785390244825e-05
199.182124 42.441457 -4.797388668320579e-06 2.1004604987134856e-05
199.32326 55.541362 6.562178641700278e-06 2.5525632780881713e-05
199.504139 68.673458 1.2248291080374507e-05 2.9578045511569062e-05
199.726199 81.846173 1.162770007623326e-05 3.172294262723807e-05
199.991278 95.068461 1.5881984007370953e-05 3.6098003119933164e-05
200.301689 108.350131 1.868611896438388e-05 3.995025442687927e-05
200.660277 121.701799 2.258979239100345e-05 4.462426996959534e-05
201.070494 135.135254 2.864986289252691e-05 5.1072667574092456e-05
214.339259 -115.41902 -1.2438361170596934e-05 2.3597979578349193e-05
213.965545 -102.050261 -1.134806446012604e-05 2.107242518883945e-05
213.6442 -88.7494 -1.4266694892350884e-05 2.0792329544494503e-05
213.372228 -75.505722 -1.1709121724101657e-05 1.870424153685435e-05
213.147212 -62.309376 -1.0580276054050763e-05 1.7750034651348168e-05
212.967206 -49.151265 -1.0898039572326823e-05 1.7735136324220635e-05
212.830747 -36.022768 -9.44238278699494e-06 1.765332696268551e-05
212.736739 -22.915706 -6.496335958505739e-06 1.7796823166035813e-05
212.684429 -9.822236 -3.751606962643095e-06 1.8606811921176997e-05
212.673417 3.265382 -1.5953737424467818e-06 1.989275648539568e-05
212.703613 16.354744 8.572365040038221e-09 2.161312698922835e-05
212.775275 29.453509 1.0516005868321798e-06 2.3615870440502063e-05
212.888952 42.569508 2.636955270252095e-06 2.5815402052764558e-05
213.045557 55.710699 6.306852995408008e-06 2.8828102661970778e-05
213.246379 68.885457 1.0526402232535759e-05 3.243973501818043e-05
213.493113 82.102615 1.1930194167897312e-05 3.540161100482053e-05
213.787927 95.371578 1.5707958291200086e-05 3.962442074373351e-05
214.133505 108.702696 2.2991162122454334e-05 4.578195881532743e-05
214.533107 122.107149 1.5513888201534876e-05 4.4268676247682937e-05
227.590082 -89.062397 -1.4611093725025448e-05 2.211471161528422e-05
227.287437 -75.76784 -9.804949042679922e-06 1.9543490255763407e-05
227.03723 -62.522967 -1.1559387476767213e-05 1.9804052409144735e-05
226.837228 -49.318142 -1.2521594000225456e-05 2.006426278039486e-05
226.685703 -36.144327 -1.085748502238637e-05 2.0075092645108206e-05
226.581364 -22.992954 -8.374184184534172e-06 2.0457672025228635e-05
226.523327 -9.855775 -5.977003853852025e-06 2.138344014856325e-05
226.511131 3.275267 -3.8021781940678068e-06 2.2800764043835048e-05
226.544662 16.408146 -1.7788909649762985e-06 2.4644905106306625e-05
226.624229 29.550897 -1.1325860360678064e-08 2.674623687597133e-05
226.750484 42.711639 1.931498351148697e-06 2.9170863689559345e-05
226.924495 55.898768 5.708477013088853e-06 3.231615358315065e-05
227.147767 69.121075 1.1868581638485587e-05 3.658274625070734e-05
227.422284 82.387849 1.5868032360644158e-05 4.072830019616336e-05
227.750534 95.709052 7.205914964836246e-06 3.995007664869821e-05
240.886327 -49.503645 -1.7367320954031484e-05 2.3129356325479744e-05
240.717766 -36.27939 -9.461191577631034e-06 2.219896914093522e-05
240.601734 -23.078745 -5.751252779240268e-06 2.2839410194444576e-05
240.537229 -9.893 -3.3952706068873795e-06 2.414062653109672e-05
240.523697 3.286289 -1.1816421512378383e-06 2.5952190408899678e-05
240.561029 16.467532 1.0891108689348172e-06 2.8146807470159907e-05
240.649555 29.659155 2.751722818938873e-06 3.05773005630644e-05
240.790048 42.869682 1.8852068904839925e-06 3.28883950382608e-05
240.98374 56.107995 -5.5426217552279056e-06 3.3564358351639845e-05
-247.599672 -0.00829 1.1348896246210494e-05 2.5111479478596113e-05
-233.490138 -0.007249 -1.331059651943356e-06 2.2042816862637743e-05
-219.56803 -0.006288 -3.089772170894456e-06 1.9187404338822753e-05
-205.808855 -0.00544 -2.300870188709503e-06 1.6652283903229917e-05
-192.191811 -0.004679 -4.269188631278453e-06 1.4363723459975191e-05
-178.69924 -0.004001 -1.3460754157978982e-06 1.2314235999884383e-05
-165.31597 -0.003397 -5.778983860671438e-06 1.0479631028850581e-05
-152.028847 -0.002867 -4.571888959636894e-07 8.86337504905026e-06
-138.826422 -0.002395 -3.4872351394876766e-06 7.418196285860133e-06
-125.698623 -0.001979 -2.840262764369772e-06 6.1401180116614075e-06
-112.636383 -0.001612 -1.8385582346569507e-06 5.009012374352099e-06
-99.631491 -0.001292 -3.0783226203645597e-06 4.0199741947469745e-06
-86.676206 -0.001005 -5.676704820656298e-07 3.1306103717363035e-06
-73.763202 -0.000759 -1.0504256986731964e-06 2.3666163885783847e-06
-60.885505 -0.000536 -1.2840142591397097e-06 1.6726363979265737e-06
-48.036361 -0.000352 -1.2033597227012471e-07 1.099166476040917e-06
-35.209388 -0.0002 -5.718404125498733e-07 6.248301058725124e-07
-22.398409 -8.5e-05 -4.343072667334358e-07 2.656422196568491e-07
-9.597547 -2.6e-05 -1.2277238018582048e-07 8.127043378034816e-08
3.199066 -2e-06 3.211953002821982e-07 6.251623945676466e-09
15.997181 -7e-06 -1.724974975983451e-07 2.187893026168068e-08
28.802478 -6e-05 -2.9826201596028223e-07 1.874844899012147e-07
41.620815 -0.000162 -3.6311693205060003e-07 5.059982324935971e-07
54.458236 -0.000313 -2.9150683406031774e-07 9.77080697979991e-07
67.321049 -0.000505 -1.6090576541172297e-06 1.575299466502896e-06
80.21581 -0.000741 -6.594181549135492e-07 2.30940120942309e-06
93.149363 -0.001026 -2.6815150032111212e-06 3.1942542777709953e-06
106.128853 -0.001364 -1.9888064256567972e-06 4.24128500410689e-06
119.161764 -0.001764 -2.6778271906002793e-06 5.47729994738215e-06
132.256051 -0.002215 -5.979159584668103e-06 6.866704676056599e-06
145.4203 -0.002736 -2.288057018240419e-06 8.466536378511132e-06
158.664006 -0.003319 -4.6065022882291196e-06 1.0250121183635653e-05
171.997858 -0.003978 -7.073200241625166e-06 1.2258106942183902e-05
185.43407 -0.004714 -2.6596012370205813e-06 1.449028507738751e-05
198.986766 -0.005513 -1.894072880814779e-05 1.6900794398748705e-05
212.672304 -0.0064 -2.06925413226422e-06 1.9560672287758008e-05
226.509894 -0.007355 -4.327598277398259e-06 2.2405122089215802e-05
240.522317 -0.00839 -1.752951451661211e-06 2.546422628742047e-05
-0.000675 -247.626646 2.0446466860191773e-06 8.740902860937538e-05
-0.000515 -233.513637 1.5660064268499744e-06 6.574038625095646e-05
-0.000392 -219.588565 1.1961554385954263e-06 5.626602509511969e-05
-0.000287 -205.826784 8.785268995167347e-07 5.0057069322373415e-05
-0.000219 -192.207395 6.722901831593555e-07 4.1757061542635476e-05
-0.000177 -178.712695 5.44767402441061e-07 3.8704178029647096e-05
-0.000148 -165.327483 4.565741615956673e-07 2.876310062871479e-05
-0.000134 -152.038591 4.142624737054998e-07 2.8976199062447083e-05
-0.000123 -138.834568 3.8097583071683776e-07 2.1259107738424987e-05
-0.000123 -125.705334 3.8162400136894633e-07 1.766303834871419e-05
-0.000121 -112.641814 3.759864386186034e-07 1.4830460466241924e-05
-0.000117 -99.635786 3.6403776112343065e-07 1.0157809218425129e-05
-0.000107 -86.679515 3.3330867634011345e-07 9.667383661038365e-06
-9.7e-05 -73.765665 3.0245289846259533e-07 6.589535840678673e-06
-7.4e-05 -60.887241 2.3092365936036018e-07 4.11487243243136e-06
-5.5e-05 -48.037527 1.7174475296092887e-07 3.5128535323392107e-06
-3.4e-05 -35.210093 1.0622111554110449e-07 1.628137877143776e-06
-1.6e-05 -22.398756 5.000324098821588e-08 6.496388018084609e-07
-1.2e-05 -9.597645 3.750943094906862e-08 1.8353314792246556e-07
2e-06 3.199077 -6.251623945338472e-09 2.868102740583023e-07
2.9e-05 15.997139 -9.064128256448229e-08 -4.125525344955694e-08
5.1e-05 28.802211 -1.593618175227691e-07 5.354199568985418e-07
6.4e-05 41.620192 -1.9990054095257805e-07 1.5797676612971934e-06
6e-05 54.457137 -1.8729982486815383e-07 3.1296198635677452e-06
5.4e-05 67.319346 -1.6844788165177713e-07 3.680966778107919e-06
4.2e-05 80.213375 -1.308972584889656e-07 6.883725095774285e-06
2.1e-05 93.146059 -6.537949289851491e-08 7.518920023985576e-06
-1e-06 106.124536 3.109447810303883e-09 1.129061825377864e-05
-4.3e-05 119.15629 1.3351703350167795e-07 1.4084462229391193e-05
-8.8e-05 132.24927 2.728083702678718e-07 1.4683954963179424e-05
-0.000145 145.412067 4.487021977032347e-07 2.266180922605443e-05
-0.000212 158.654168 6.547240487238026e-07 2.5003660206746048e-05
-0.000293 171.986261 9.028739459394508e-07 2.7596892845038745e-05
-0.000401 185.420555 1.2326303453020548e-06 3.73996493200357e-05
-0.000514 198.971178 1.5757367261722277e-06 2.686259399065083e-05
-0.000658 212.654455 2.011089793940529e-06 4.984183122080932e-05
-0.000821 226.489559 2.5009787415664822e-06 5.4114210383260364e-05
-0.001007 240.499183 3.0563335126619083e-06 6.384034852047193e-05
-0.0 0.0 -3.776378256891561e-07 4.6247295446719113e-23
