 0.0   0.00
 0.5   0.31
 1.0   0.62
 1.5   0.93
 2.0   1.24
 2.5   1.56
 3.0   1.87
 3.5   2.18
 4.0   2.49
 4.5   2.80
 5.0   3.12
 5.5   3.43
 6.0   3.74
 6.5   4.06
 7.0   4.37
 7.5   4.69
 8.0   5.01
 8.5   5.32
 9.0   5.64
 9.5   5.96
10.0   6.28
10.5   6.60
11.0   6.92
11.5   7.25
12.0   7.57
12.5   7.90
13.0   8.22
13.5   8.55
14.0   8.88
14.5   9.21
15.0   9.54
15.5   9.88
16.0  10.21
16.5  10.55
17.0  10.89
17.5  11.23
18.0  11.57
18.5  11.92
19.0  12.26
19.5  12.61
20.0  12.96
20.5  13.31
21.0  13.67
21.5  14.03
22.0  14.39
22.5  14.75
23.0  15.11
23.5  15.48
24.0  15.85
24.5  16.23
25.0  16.60
25.5  16.98
26.0  17.37
26.5  17.75
27.0  18.14
27.5  18.53
28.0  18.93
28.5  19.33
29.0  19.74
29.5  20.14
30.0  20.55
30.5  20.97
31.0  21.39
31.5  21.82
32.0  22.25
32.5  22.68
33.0  23.12
33.5  23.56
34.0  24.01
34.5  24.46
35.0  24.92
35.5  25.39
36.0  25.86
36.5  26.34
37.0  26.82
37.5  27.31
38.0  27.81
38.5  28.31
39.0  28.82
39.5  29.34
40.0  29.86
40.5  30.39
41.0  30.93
41.5  31.48
42.0  32.04
42.5  32.60
43.0  33.18
43.5  33.76
44.0  34.36
44.5  34.96
45.0  35.57
45.5  36.20
46.0  36.84
46.5  37.48
47.0  38.14
47.5  38.81
48.0  39.50
48.5  40.20
49.0  40.91
49.5  41.63
50.0  42.38
50.5  43.13
51.0  43.90
51.5  44.69
52.0  45.50
52.5  46.32
53.0  47.17
53.5  48.03
54.0  48.91
54.5  49.82
55.0  50.74
55.5  51.69
56.0  52.67
56.5  53.67
57.0  54.69
57.5  55.75
58.0  56.83
58.5  57.94
59.0  59.08
59.5  60.26
60.0  61.47
60.5  62.72
61.0  64.01
61.5  65.34
62.0  66.71
62.5  68.13
63.0  69.59
63.5  71.10
64.0  72.67
64.5  74.29
65.0  75.97
65.5  77.72
66.0  79.53
66.5  81.41
67.0  83.37
67.5  85.41
68.0  87.53
68.5  89.75
69.0  92.06
69.5  94.48
70.0  97.01
